Name,Value Sold (ZAR),Value Sold (ZAR MTD),Volume Sold,Volume sold (MTD),KG Sold,KG Sold (MTD),Volume Avalible,Date
AMADUMBE,2040.0,33210.0,31.0,227.0,134.0,2218.0,91.0,20180418
APPLES,1252227.0,22490161.1,13417.0,264493.0,178300.0,3444069.0,129821.0,20180418
ASPARAGUS,20575.0,213601.0,34.0,399.0,157.0,1568.0,106.0,20180418
ATCHARA,0.0,1267.1,0.0,52.0,0.0,52.0,16.0,20180418
AVOCADOS,371174.2,6714047.1,7139.0,103687.0,44776.0,792078.0,17877.0,20180418
BABY BRINJALS,2285.0,60704.0,71.0,1293.0,277.0,4366.0,66.0,20180418
BABY BUTTERNUT,1228.0,130096.0,12.0,1334.0,54.0,5727.0,23.0,20180418
BABY CABBAGE,5452.0,187209.0,52.0,2058.0,214.0,7234.0,65.0,20180418
BABY CARROTS,8226.0,279030.0,38.0,1371.0,196.0,6480.0,149.0,20180418
BABY CORN & SUGAR SNAP PEAS,0.0,900.0,0.0,3.0,0.0,6.0,2.0,20180418
BABY ENGLISH CUCUMBER,0.0,33860.0,0.0,1046.0,0.0,8368.0,17.0,20180418
BABY GEM SQUASH,2404.0,191606.0,26.0,1242.0,134.0,7302.0,111.0,20180418
BABY LEAF,2346.0,24498.0,23.0,245.0,23.0,245.0,27.0,20180418
BABY MARROWS,66411.0,2423580.0,1133.0,28642.0,6224.0,133442.0,3648.0,20180418
BABY MIX,1188.0,25445.0,9.0,238.0,43.0,1247.0,13.0,20180418
BABY SWEET CORN,12097.0,505105.0,66.0,2137.0,307.0,9272.0,560.0,20180418
BANANAS,1261015.0,26319595.8,9797.0,202496.0,174823.0,3524387.0,45246.0,20180418
BASIL,580.0,1010.0,6.0,11.0,6.0,11.0,0.0,20180418
BAY LEAVES,104.0,339.0,4.0,14.0,1.0,3.0,16.0,20180418
BEAN SPROUTS,648.0,20841.0,11.0,362.0,26.0,840.0,36.0,20180418
BEANS,155676.0,2349412.9,4755.0,75391.0,21283.0,315294.0,3630.0,20180418
BEANS INDIAN,60.0,5741.0,3.0,221.0,15.0,565.0,40.0,20180418
BEETROOT,142615.0,3072832.0,8926.0,161638.0,79606.0,1315039.0,30516.0,20180418
BLACKBERRIES,3492.0,23064.0,15.0,107.0,23.0,161.0,46.0,20180418
BOK CHOY PAK-CHOI,160.0,6640.0,2.0,73.0,10.0,365.0,4.0,20180418
BRINJALS,29390.0,637655.0,652.0,13335.0,3163.0,59654.0,646.0,20180418
BROCCOLI,195120.0,2530287.0,1720.0,16989.0,3990.0,46843.0,381.0,20180418
BROCCOLI FLORETTES,0.0,20297.0,0.0,132.0,0.0,317.0,7.0,20180418
BUTTER LETTUCE,2540.0,27086.0,41.0,368.0,205.0,1840.0,4.0,20180418
BUTTERNUT,509377.0,4339948.5,29981.0,229959.0,236650.0,1931906.0,36306.0,20180418
CABBAGE,157369.0,3501404.9,8360.0,171211.0,97610.0,1930335.0,14461.0,20180418
CABBAGE RED,11906.0,460958.0,144.0,4744.0,603.0,27503.0,52.0,20180418
CALABASH,40.0,19443.0,1.0,410.0,4.0,1640.0,5.0,20180418
CARROTS,600295.0,12249989.7,23485.0,374863.0,197741.0,2918125.0,47280.0,20180418
CAULI/BROC,120.0,106774.0,3.0,679.0,9.0,2452.0,95.0,20180418
CAULIFLOWER,95824.0,2127295.5,1313.0,21616.0,4792.0,104422.0,1555.0,20180418
CAULIFLOWER FLORETS,2040.0,15264.0,34.0,148.0,82.0,355.0,78.0,20180418
CELERY,5550.0,45950.0,36.0,403.0,234.0,4251.0,21.0,20180418
CHILLIES,76542.0,1437072.84,3876.0,64122.0,12719.0,204659.0,17186.0,20180418
CHINESE  VEGETABLES,6885.0,207037.5,329.0,9266.0,766.0,23097.0,792.0,20180418
CHIVES,200.0,3529.0,10.0,158.0,2.0,20.0,40.0,20180418
CHORIE,0.0,2830.0,0.0,86.0,0.0,430.0,1.0,20180418
CLEMENTINES,57874.0,414452.0,3383.0,22967.0,6766.0,45934.0,17168.0,20180418
COCKTAIL TOMATOES,1448.0,52872.0,29.0,632.0,188.0,2540.0,325.0,20180418
COCONUTS,14400.0,165135.0,40.0,442.0,1975.0,21400.0,453.0,20180418
CORIANDER/DHANYA,425.0,1520.0,17.0,62.0,3.0,12.0,14.0,20180418
CROUTONS,1649.0,2386.2,85.0,123.0,7.0,10.0,501.0,20180418
CRUSHED GINGER/GARLIC,459.6,16940.4,2.0,75.0,10.0,335.0,53.0,20180418
CUCUMBER,265.0,21965.0,11.0,490.0,55.0,2450.0,27.0,20180418
CURRY LEAVES,1865.0,16730.0,58.0,725.0,11.0,124.0,94.0,20180418
DATES,4600.0,37168.0,13.0,103.0,88.0,615.0,329.0,20180418
DHANYA,21592.0,421112.0,265.0,5155.0,802.0,15967.0,64.0,20180418
DILL,202.0,4627.0,7.0,120.0,3.0,103.0,1.0,20180418
DRAGON FRUIT,5480.0,68300.0,50.0,2441.0,75.0,3662.0,87.0,20180418
EDIBLE FLOWERS,0.0,1280.0,0.0,59.0,0.0,2.0,20.0,20180418
EMPTY BOXES,2520.0,43455.5,336.0,5789.0,168.0,2895.0,6939.0,20180418
ENDIVE/CHICORY,180.0,10160.0,2.0,119.0,10.0,595.0,0.0,20180418
ENGLISH CUCUMBER,206354.0,4476053.5,2588.0,60372.0,19885.0,469143.0,2907.0,20180418
FENNEL/ANISE,994.0,9074.0,12.0,109.0,22.0,157.0,10.0,20180418
FIGS,410.0,100910.0,9.0,1827.0,30.0,5403.0,80.0,20180418
GARLIC,107000.0,2012800.0,466.0,10658.0,2968.0,65660.0,8071.0,20180418
GARLIC PROCESSED,8471.25,78306.11,40.0,417.0,205.0,1909.0,241.0,20180418
GEELORA,315.0,16273.0,21.0,633.0,63.0,1899.0,72.0,20180418
GEM SQUASHES,94685.0,1926515.56,2590.0,38232.0,23778.0,322639.0,2210.0,20180418
GHERKINS,7827.0,67112.0,139.0,1446.0,681.0,7929.0,186.0,20180418
GINGER PROCESSED,351.0,646.5,2.0,4.0,1.0,1.0,21.0,20180418
GINGER ROOT,55190.0,1638887.06,271.0,6697.0,1590.0,40295.0,3088.0,20180418
GOOSEBERRIES,13184.0,146298.0,31.0,417.0,142.0,1511.0,67.0,20180418
GRANADILLA,15632.0,502250.0,366.0,6546.0,741.0,14625.0,1938.0,20180418
GRAPEFRUIT,32665.0,1153895.0,288.0,8533.0,4230.0,120125.0,5186.0,20180418
GRAPES,468119.0,9687535.31,10350.0,209245.0,43899.0,873006.0,190276.0,20180418
GREEN MEALIES,10480.0,36551.0,101.0,368.0,2175.0,6589.0,140.0,20180418
GREEN PEPPERS,298661.0,5528082.0,14481.0,221198.0,72817.0,1107167.0,18666.0,20180418
GUAVA,21625.0,482978.13,768.0,14029.0,2025.0,41107.0,2515.0,20180418
HORSERADISH ROOT,0.0,860.0,0.0,81.0,0.0,486.0,86.0,20180418
HUBBARD SQUASHES,81555.0,1562880.0,2483.0,30367.0,79348.0,970352.0,3488.0,20180418
JUICE,9262.92,255044.67,103.0,2429.0,531.0,14470.0,3125.0,20180418
KALE,4947.0,118169.8,344.0,7181.0,152.0,11509.0,215.0,20180418
KARELA,1090.0,27588.0,33.0,707.0,108.0,2026.0,124.0,20180418
KIWIFRUIT,31110.0,845740.0,287.0,4641.0,1283.0,30289.0,4239.0,20180418
KUMQUAT,1380.0,19755.0,46.0,620.0,138.0,1860.0,139.0,20180418
LEEKS,6988.0,246350.0,109.0,2984.0,663.0,17957.0,418.0,20180418
LEMON GRASS,280.0,2070.0,24.0,104.0,5.0,62.0,11.0,20180418
LEMONS,157746.0,3243945.0,2614.0,42448.0,29402.0,491653.0,49306.0,20180418
LETTUCE,170949.0,3735179.72,5137.0,91459.0,27110.0,501111.0,5046.0,20180418
LETTUCE LIVING,0.0,17570.0,0.0,361.0,0.0,1264.0,720.0,20180418
LIMES,12568.0,201271.66,500.0,7618.0,1503.0,24069.0,3001.0,20180418
LIQUIDS,0.0,6634.0,0.0,107.0,0.0,1284.0,129.0,20180418
MAIZE MEAL,100.0,570.0,1.0,6.0,25.0,150.0,53.0,20180418
MANGO,154677.0,2721015.77,2642.0,73364.0,10986.0,248252.0,6107.0,20180418
MARJORAM,0.0,312.0,0.0,12.0,0.0,2.0,34.0,20180418
MARROWS,100.0,13370.0,3.0,201.0,18.0,1244.0,18.0,20180418
MELONS,8690.0,293715.0,122.0,5030.0,854.0,35210.0,627.0,20180418
MICRO HERBS,52.0,2242.0,2.0,97.0,0.0,19.0,33.0,20180418
MINT,660.0,1340.0,7.0,15.0,18.0,36.0,3.0,20180418
MITJI BUDGIE,1960.0,21483.0,24.0,409.0,79.0,1255.0,28.0,20180418
MUSHROOMS,26658.0,524882.0,93.0,1767.0,404.0,8037.0,647.0,20180418
MUSK MELONS,79570.0,2041669.74,989.0,28116.0,7178.0,205198.0,1502.0,20180418
NAARTJIES,21422.0,245789.5,1431.0,11983.0,3569.0,34956.0,6312.0,20180418
NECTARINES,5000.0,1719518.82,250.0,32190.0,625.0,112223.0,505.0,20180418
NOVA,52638.0,257236.0,2569.0,13157.0,5138.0,26314.0,598.0,20180418
OKRA,26935.0,695656.48,1625.0,38219.0,3209.0,83290.0,6410.0,20180418
ONIONS,2976808.3,50542227.2,72059.0,1183138.0,682437.0,10885221.0,271373.0,20180418
ORANGE PEPPERS,1050.0,23385.0,21.0,247.0,105.0,1235.0,75.0,20180418
ORANGES,836810.0,9616240.87,28931.0,362009.0,193646.0,2406495.0,72552.0,20180418
OREGANO,0.0,2251.0,0.0,91.0,0.0,9.0,20.0,20180418
PAMPALMOESE,39050.0,244160.0,583.0,3316.0,7700.0,40635.0,4548.0,20180418
PAPINO,200787.0,2419044.0,3169.0,26327.0,14051.0,128026.0,4116.0,20180418
PAPRI,990.0,4310.0,33.0,116.0,66.0,232.0,5.0,20180418
PAPRIKA,9198.0,167694.0,130.0,2468.0,392.0,7479.0,306.0,20180418
PARSLEY,8089.0,184218.0,120.0,2493.0,280.0,7261.0,30.0,20180418
PATTY PANS,29448.0,1227965.0,245.0,5608.0,1295.0,31500.0,156.0,20180418
PEACHES,7240.0,722273.0,213.0,26939.0,1014.0,78989.0,1696.0,20180418
PEACHES,45000.0,769620.0,711.0,19853.0,1778.0,49633.0,1191.0,20180418
PEANUTS RAW / UNSHELLED,280.0,280.0,1.0,1.0,2.0,2.0,26.0,20180418
PEARS,329941.0,5753666.61,4675.0,89486.0,49367.0,912830.0,23554.0,20180418
PEAS,7819.0,326168.0,27.0,1414.0,90.0,3845.0,15.0,20180418
PECAN NUT (SHELL),4480.0,42840.0,16.0,153.0,64.0,612.0,126.0,20180418
PERSIMMON/SHARON FRUIT,400.0,49090.0,10.0,845.0,45.0,3803.0,190.0,20180418
PICKLED,2652.0,3588.0,108.0,152.0,126.0,185.0,79.0,20180418
PINEAPPLES,122365.0,3077179.0,3023.0,77339.0,23424.0,597056.0,5802.0,20180418
PIQUANT MIXED CHILLIE,0.0,1146.0,0.0,51.0,0.0,204.0,15.0,20180418
PKS BLUE QUEEN,99954.0,938340.0,2933.0,23367.0,102655.0,817845.0,4328.0,20180418
PLUMS,471380.0,5233353.84,9128.0,88349.0,44254.0,518238.0,18337.0,20180418
POMEGRANATE,7970.0,319528.0,134.0,5708.0,536.0,22832.0,3590.0,20180418
POT PLANTS,1820.0,40400.0,14.0,314.0,84.0,1884.0,50.0,20180418
POTATOES,4788861.8,87108316.0,145544.0,2110976.0,1420728.0,20649453.0,208223.0,20180418
PRICKLY PEAR,36925.0,334875.0,1118.0,10110.0,2236.0,20220.0,2190.0,20180418
PRUNES,0.0,15500.0,0.0,477.0,0.0,2385.0,430.0,20180418
PUMPKINS,20660.0,475401.79,865.0,11837.0,18390.0,353564.0,5056.0,20180418
QUINCE,4525.0,29550.0,113.0,697.0,452.0,2788.0,747.0,20180418
RADICCHIO,415.0,1097.0,19.0,63.0,4.0,13.0,11.0,20180418
RADISH,642.0,34414.0,12.0,491.0,34.0,1265.0,17.0,20180418
RAINBOW PEPPERS,18442.0,536850.0,300.0,6214.0,1155.0,20226.0,596.0,20180418
RAMANESCO,280.0,2236.0,5.0,26.0,15.0,70.0,0.0,20180418
RASPBERRIES,10940.0,190313.0,76.0,1350.0,109.0,2032.0,260.0,20180418
RED PEPPERS,156210.0,3663369.0,3270.0,47057.0,16470.0,240355.0,9147.0,20180418
RHUBARB,120.0,18384.0,1.0,162.0,5.0,810.0,6.0,20180418
ROCKET,1178.0,16808.0,28.0,619.0,10.0,133.0,11.0,20180418
ROSEMARY,290.0,11488.0,8.0,408.0,3.0,83.0,5.0,20180418
SAGE,263.0,1577.0,10.0,60.0,2.0,12.0,3.0,20180418
SATSUMAS,58079.0,1825411.0,4277.0,95179.0,17057.0,327598.0,63847.0,20180418
SHU-SHU,325.0,13295.0,13.0,191.0,52.0,764.0,1.0,20180418
SNACKS,2259.9,2669.9,61.0,72.0,9.0,10.0,432.0,20180418
SOUP GREENS,39542.0,420176.0,362.0,3897.0,2428.0,24207.0,73.0,20180418
SPEARMINT,1872.0,42749.0,46.0,878.0,80.0,1874.0,33.0,20180418
SPINACH,64316.0,1120663.5,2869.0,56903.0,14150.0,270825.0,364.0,20180418
SPRING ONIONS,7610.0,159571.0,173.0,3321.0,491.0,10539.0,353.0,20180418
STARFRUIT(CARAMBOLA),2225.0,38204.0,11.0,204.0,22.0,408.0,52.0,20180418
STRAWBERRIES,65900.0,1029037.0,252.0,3901.0,773.0,10836.0,679.0,20180418
SWEET BASIL,504.0,12560.0,20.0,470.0,4.0,94.0,6.0,20180418
SWEET CORN,39480.0,1601072.0,309.0,10755.0,1216.0,37968.0,261.0,20180418
SWEET MELONS,52265.0,1416746.53,582.0,16545.0,5199.0,123645.0,618.0,20180418
SWEET POTATO,369914.0,3853970.54,19457.0,144893.0,105934.0,953450.0,5850.0,20180418
TABLE CELERY,14080.0,468890.0,47.0,1428.0,376.0,12268.0,80.0,20180418
TARROGAN,27.0,306.0,1.0,12.0,0.0,2.0,0.0,20180418
THYME,147.0,6198.0,7.0,239.0,1.0,47.0,70.0,20180418
TOMATOES,2827008.0,48452865.0,129012.0,1977488.0,461941.0,6359537.0,87161.0,20180418
TOMATOES DRIED,0.0,1980.0,0.0,34.0,0.0,34.0,31.0,20180418
TURIA,30.0,2380.0,1.0,52.0,4.0,208.0,33.0,20180418
TURMERIC,0.0,39250.0,0.0,75.0,0.0,375.0,13.0,20180418
TURNIP,2930.0,15810.0,72.0,457.0,720.0,4570.0,3.0,20180418
VIRTUAL PRODUCT,0.0,0.0,0.0,0.0,0.0,0.0,602308.0,20180418
WATERMELONS,46030.0,1533967.15,2490.0,76097.0,15336.0,465763.0,16175.0,20180418
YELLOW PEPPERS,265925.0,3347513.0,3081.0,26041.0,15515.0,130465.0,1621.0,20180418
