Name,Value Sold (ZAR),Value Sold (ZAR MTD),Volume Sold,Volume sold (MTD),KG Sold,KG Sold (MTD),Volume Avalible,Date
AMADUMBE,5440.0,18010.0,64.0,115.0,218.0,1166.0,33.0,20180410
APPLES,2039610.0,12095432.6,24021.0,142277.0,282857.0,1687661.0,100432.0,20180410
ARTICHOKES,0.0,360.0,0.0,11.0,0.0,55.0,2.0,20180410
ASPARAGUS,40450.0,62001.0,69.0,131.0,215.0,469.0,0.0,20180410
ATCHARA,78.0,650.4,3.0,25.0,3.0,25.0,43.0,20180410
AVOCADOS,611120.0,3416680.57,9262.0,53775.0,71517.0,407020.0,12129.0,20180410
BABY BRINJALS,12298.0,35426.0,216.0,703.0,684.0,2334.0,190.0,20180410
BABY BUTTERNUT,19290.0,88469.0,186.0,821.0,806.0,3503.0,501.0,20180410
BABY CABBAGE,25564.0,135690.0,296.0,1394.0,968.0,4861.0,146.0,20180410
BABY CARROTS,37272.0,172948.0,179.0,835.0,853.0,4062.0,271.0,20180410
BABY ENGLISH CUCUMBER,4470.0,17165.0,144.0,482.0,1152.0,3856.0,24.0,20180410
BABY GEM SQUASH,28992.0,125372.0,193.0,668.0,1047.0,4153.0,16.0,20180410
BABY LEAF,792.0,8058.0,8.0,81.0,8.0,81.0,42.0,20180410
BABY MARROWS,309496.0,1652715.0,3552.0,17451.0,17030.0,80066.0,3314.0,20180410
BABY MIX,2576.0,11276.0,20.0,69.0,112.0,378.0,2.0,20180410
BABY SWEET CORN,106650.0,291782.0,336.0,971.0,1447.0,4130.0,80.0,20180410
BANANAS,1780811.0,14913757.8,12507.0,113977.0,211970.0,1987365.0,40908.0,20180410
BASIL,100.0,285.0,4.0,12.0,1.0,2.0,8.0,20180410
BEAN SPROUTS,2524.0,12017.0,44.0,210.0,102.0,486.0,52.0,20180410
BEANS,241807.0,1402156.9,7543.0,42235.0,31279.0,175383.0,6354.0,20180410
BEANS INDIAN,460.0,4436.0,10.0,176.0,40.0,459.0,52.0,20180410
BEETROOT,266282.0,1611444.0,11970.0,85982.0,98866.0,690597.0,19096.0,20180410
BLACKBERRIES,4320.0,12624.0,20.0,62.0,30.0,93.0,29.0,20180410
BOK CHOY PAK-CHOI,2060.0,6360.0,21.0,71.0,89.0,299.0,12.0,20180410
BRINJALS,99013.0,400598.0,1974.0,7297.0,8513.0,33832.0,2037.0,20180410
BROCCOLI,233420.0,1516041.0,1621.0,9595.0,4755.0,27043.0,590.0,20180410
BROCCOLI FLORETTES,1932.0,14988.0,11.0,87.0,26.0,209.0,22.0,20180410
BROCCOLI LEAVES,1645.0,6390.0,42.0,165.0,336.0,1320.0,0.0,20180410
BUTTER LETTUCE,6840.0,14866.0,93.0,195.0,465.0,975.0,25.0,20180410
BUTTERNUT,284469.0,1950877.5,12915.0,95170.0,110337.0,808416.0,40877.0,20180410
CABBAGE,365976.5,2146224.3,14775.0,90748.0,184196.0,999137.0,11376.0,20180410
CABBAGE  SUGAR,1152.0,1152.0,12.0,12.0,192.0,192.0,0.0,20180410
CABBAGE RED,49372.0,264445.0,523.0,2607.0,3059.0,15099.0,172.0,20180410
CALABASH,6010.0,18998.0,108.0,418.0,519.0,1726.0,19.0,20180410
CARROTS,1161634.0,7275131.79,31095.0,189256.0,255927.0,1448113.0,35142.0,20180410
CAULI/BROC,8772.0,29586.0,65.0,177.0,298.0,780.0,11.0,20180410
CAULIFLOWER,252219.0,1205122.5,2395.0,11871.0,11902.0,63829.0,990.0,20180410
CAULIFLOWER FLORETS,0.0,13224.0,0.0,114.0,0.0,274.0,1.0,20180410
CELERY,15110.0,22325.0,81.0,188.0,726.0,2010.0,14.0,20180410
CHESTNUTS RAW,0.0,630.0,0.0,21.0,0.0,210.0,10.0,20180410
CHILLIES,153906.0,832032.5,6333.0,36075.0,20456.0,113431.0,18472.0,20180410
CHILLIES PROCESSED,0.0,0.0,0.0,0.0,0.0,0.0,7.0,20180410
CHINESE  VEGETABLES,28876.0,83575.5,1302.0,4742.0,3773.0,11061.0,737.0,20180410
CHIVES,570.0,570.0,26.0,26.0,5.0,5.0,14.0,20180410
CHORIE,75.0,1600.0,3.0,51.0,15.0,255.0,11.0,20180410
CLEMENTINES,920.0,4832.0,45.0,239.0,90.0,478.0,121.0,20180410
COCKTAIL AVOCADO PEAR,320.0,3365.0,8.0,104.0,16.0,208.0,9.0,20180410
COCKTAIL TOMATOES,12710.0,29716.0,121.0,273.0,460.0,1101.0,89.0,20180410
COCONUTS,11400.0,93370.0,34.0,251.0,1525.0,11925.0,226.0,20180410
CORIANDER/DHANYA,100.0,1010.0,4.0,71.0,1.0,7.0,54.0,20180410
CRUSHED GINGER/GARLIC,2194.8,11223.6,10.0,49.0,42.0,226.0,39.0,20180410
CUCUMBER,5660.0,15480.0,118.0,339.0,589.0,1676.0,22.0,20180410
CURRY LEAVES,2355.0,13140.0,111.0,616.0,21.0,126.0,21.0,20180410
DATES,2700.0,12764.0,9.0,31.0,43.0,195.0,60.0,20180410
DHANYA,46670.0,241894.0,550.0,2825.0,1692.0,8756.0,299.0,20180410
DILL,976.0,2976.0,24.0,80.0,23.0,61.0,1.0,20180410
DRAGON FRUIT,3670.0,29577.0,56.0,567.0,93.0,1250.0,283.0,20180410
DRIED FRUIT,1520.0,12745.0,3.0,25.0,34.0,293.0,23.0,20180410
EDIBLE FLOWERS,20.0,40.0,1.0,2.0,0.0,0.0,0.0,20180410
EMPTY BOXES,2595.0,26167.0,346.0,3489.0,173.0,1745.0,9239.0,20180410
ENDIVE/CHICORY,2570.0,5470.0,30.0,65.0,150.0,325.0,0.0,20180410
ENGLISH CUCUMBER,532849.5,2562454.5,7969.0,35061.0,61467.0,271944.0,2917.0,20180410
FENNEL/ANISE,7070.0,19700.0,73.0,213.0,861.0,2757.0,9.0,20180410
FIGS,18670.0,65065.0,268.0,1141.0,828.0,3231.0,445.0,20180410
FLAT BEANS,100.0,100.0,5.0,5.0,25.0,25.0,45.0,20180410
GARLIC,295770.0,1167873.0,1326.0,6259.0,8213.0,38290.0,7131.0,20180410
GARLIC PROCESSED,10743.58,50882.84,60.0,263.0,273.0,1234.0,230.0,20180410
GEELORA,1520.0,8108.0,43.0,315.0,129.0,945.0,102.0,20180410
GEM SQUASHES,79650.0,1019528.0,2009.0,19650.0,15586.0,169989.0,1440.0,20180410
GHERKINS,6204.0,35568.0,131.0,760.0,723.0,4239.0,281.0,20180410
GINGER PROCESSED,120.0,120.0,1.0,1.0,0.0,0.0,24.0,20180410
GINGER ROOT,152210.0,946007.0,591.0,3698.0,3545.0,23169.0,3685.0,20180410
GOOSEBERRIES,12448.0,53046.0,36.0,150.0,126.0,538.0,2.0,20180410
GRANADILLA,78224.0,258042.0,1071.0,2823.0,2218.0,6907.0,1566.0,20180410
GRAPEFRUIT,118630.0,633920.0,2676.0,6016.0,14540.0,64500.0,4185.0,20180410
GRAPES,937871.8,5942893.81,24592.0,130176.0,83516.0,530618.0,174179.0,20180410
GREEN MEALIES,5360.0,33181.0,61.0,307.0,933.0,4573.0,531.0,20180410
GREEN PEPPERS,582440.0,3317856.0,23779.0,122576.0,118226.0,612466.0,13142.0,20180410
GUAVA,56192.0,238128.0,1567.0,5932.0,3600.0,17235.0,152.0,20180410
HUBBARD SQUASHES,126765.0,916000.0,2112.0,14834.0,67584.0,474688.0,1563.0,20180410
JUICE,53042.99,135550.0,432.0,1326.0,3014.0,7670.0,3364.0,20180410
KALE,10183.0,58371.8,410.0,4030.0,1180.0,5492.0,107.0,20180410
KARELA,3455.0,19175.0,86.0,403.0,312.0,1217.0,178.0,20180410
KIWIFRUIT,85550.0,447605.0,387.0,2392.0,3451.0,15901.0,2902.0,20180410
KUMQUAT,1010.0,8375.0,34.0,243.0,102.0,729.0,0.0,20180410
LEEKS,36489.0,130207.0,478.0,1572.0,2561.0,8430.0,87.0,20180410
LEMON GRASS,280.0,1020.0,7.0,34.0,13.0,37.0,38.0,20180410
LEMONS,299750.0,1897634.0,3603.0,22168.0,41808.0,268796.0,29723.0,20180410
LETTUCE,386297.0,2260918.0,8844.0,49091.0,51300.0,269343.0,7198.0,20180410
LETTUCE LIVING,3900.0,10340.0,95.0,221.0,333.0,774.0,715.0,20180410
LIMES,20595.0,122673.9,778.0,4232.0,2349.0,13863.0,4120.0,20180410
LIQUIDS,0.0,5146.0,0.0,83.0,0.0,996.0,153.0,20180410
MAIZE MEAL,0.0,200.0,0.0,2.0,0.0,50.0,57.0,20180410
MANGO,282435.0,1566940.77,5827.0,39935.0,21046.0,135030.0,20641.0,20180410
MARJORAM,0.0,81.0,0.0,3.0,0.0,1.0,10.0,20180410
MARROWS,2200.0,7510.0,22.0,99.0,132.0,542.0,19.0,20180410
MELONS,41510.0,213630.0,474.0,3679.0,3318.0,25753.0,108.0,20180410
MICRO HERBS,435.0,1459.0,20.0,65.0,4.0,13.0,0.0,20180410
MINT,0.0,610.0,0.0,27.0,0.0,5.0,21.0,20180410
MITJI BUDGIE,2270.0,9658.0,43.0,190.0,129.0,570.0,50.0,20180410
MIXED,3420.0,8120.0,30.0,71.0,84.0,199.0,5.0,20180410
MIXED HERBS,0.0,25.0,0.0,1.0,0.0,0.0,12.0,20180410
MORINGA,4085.0,5615.0,46.0,63.0,184.0,252.0,11.0,20180410
MUSHROOMS,64984.0,267035.0,271.0,1212.0,839.0,3979.0,368.0,20180410
MUSK MELONS,316000.0,1099405.0,4343.0,16634.0,32894.0,121553.0,3173.0,20180410
NAARTJIES,16486.0,41348.5,1053.0,2676.0,2426.0,5672.0,2494.0,20180410
NECTARINES,153888.0,1705505.82,3706.0,30214.0,12251.0,111636.0,2794.0,20180410
NOVA,59500.0,144655.0,3454.0,7217.0,7274.0,20848.0,494.0,20180410
NUTS,1540.0,1920.0,51.0,52.0,50.0,50.0,0.0,20180410
OKRA,79159.0,404268.48,4172.0,21230.0,9658.0,46989.0,8047.0,20180410
ONIONS,3708542.81,27088641.6,82574.0,621776.0,761266.0,5702609.0,141122.0,20180410
ORANGE PEPPERS,800.0,11780.0,10.0,126.0,50.0,630.0,48.0,20180410
ORANGES,1143709.0,4909229.6,47338.0,184941.0,307875.0,1222747.0,83650.0,20180410
OREGANO,430.0,1630.0,16.0,68.0,2.0,7.0,60.0,20180410
PAMPALMOESE,5100.0,132020.0,62.0,1856.0,700.0,20905.0,4177.0,20180410
PANTRA LEAVES,3290.0,8640.0,42.0,114.0,89.0,238.0,0.0,20180410
PAPINO,344020.0,1321356.0,3365.0,11601.0,17368.0,57024.0,2718.0,20180410
PAPRI,0.0,3550.0,0.0,60.0,0.0,180.0,20.0,20180410
PAPRIKA,34476.0,100206.0,469.0,1396.0,1427.0,4277.0,276.0,20180410
PARSLEY,25824.0,114275.0,314.0,1436.0,967.0,4131.0,220.0,20180410
PARSNIP,11000.0,11000.0,56.0,56.0,398.0,398.0,2.0,20180410
PATTY PANS,153584.0,778562.0,611.0,3106.0,3445.0,17673.0,194.0,20180410
PEACHES,51385.0,573400.0,1360.0,18664.0,5403.0,59520.0,10109.0,20180410
PEACHES,86855.0,1170330.0,1733.0,20279.0,6091.0,91790.0,1662.0,20180410
PEANUTS RAW / UNSHELLED,0.0,0.0,0.0,0.0,0.0,0.0,15.0,20180410
PEARS,401922.0,3035721.47,6695.0,49796.0,67349.0,506319.0,21183.0,20180410
PEAS,39306.0,228024.0,177.0,1019.0,481.0,2840.0,36.0,20180410
PECAN NUT (SHELL),6310.0,19750.0,23.0,71.0,89.0,281.0,209.0,20180410
PICKLED,98.5,98.5,4.0,4.0,5.0,5.0,599.0,20180410
PINEAPPLES,523859.0,1738669.0,13071.0,44509.0,99344.0,342076.0,3158.0,20180410
PIQUANT MIXED CHILLIE,330.0,650.0,11.0,22.0,44.0,88.0,44.0,20180410
PIQUANT PEPPERS (PEPPER DEW),0.0,145.0,0.0,12.0,0.0,36.0,18.0,20180410
PKS BLUE QUEEN,66435.0,455661.0,1485.0,10895.0,51975.0,381325.0,5905.0,20180410
PLUMS,402033.0,2986005.84,6088.0,52407.0,30620.0,309010.0,21892.0,20180410
POMEGRANATE,28175.0,254550.0,513.0,4817.0,1942.0,18745.0,4607.0,20180410
POT PLANTS,9110.0,21200.0,71.0,164.0,426.0,984.0,19.0,20180410
POTATOES,7307163.0,51051791.7,179747.0,1088202.0,1745570.0,10623494.0,139102.0,20180410
PRICKLY PEAR,27817.0,193238.0,773.0,6000.0,1546.0,12000.0,0.0,20180410
PRUNES,0.0,15500.0,0.0,477.0,0.0,2385.0,430.0,20180410
PUMPKINS,43610.0,257168.79,901.0,6035.0,30605.0,188863.0,1037.0,20180410
QUINCE,1250.0,18450.0,28.0,430.0,112.0,1720.0,1014.0,20180410
RADISH,5008.0,22440.0,76.0,334.0,538.0,1307.0,8.0,20180410
RAINBOW PEPPERS,135340.0,342191.0,1415.0,3974.0,3324.0,13037.0,416.0,20180410
RASPBERRIES,27236.0,113669.0,279.0,1108.0,303.0,1191.0,200.0,20180410
RED LETTUCE,900.0,1800.0,10.0,20.0,50.0,100.0,0.0,20180410
RED PEPPERS,559346.0,2517686.0,5300.0,25214.0,26900.0,130623.0,6858.0,20180410
RHUBARB,4180.0,11504.0,37.0,101.0,185.0,505.0,12.0,20180410
ROCKET,4214.0,12431.0,104.0,405.0,50.0,158.0,44.0,20180410
ROSEMARY,1656.0,7444.0,73.0,287.0,13.0,51.0,83.0,20180410
SAGE,54.0,828.0,2.0,32.0,0.0,6.0,18.0,20180410
SATSUMAS,252064.0,1090888.0,12502.0,53902.0,47168.0,173750.0,51759.0,20180410
SHU-SHU,2270.0,8310.0,26.0,111.0,104.0,444.0,22.0,20180410
SOUP GREENS,27528.0,211024.0,225.0,1772.0,1357.0,10812.0,322.0,20180410
SPEARMINT,6530.0,21224.0,143.0,409.0,246.0,1010.0,97.0,20180410
SPINACH,156919.0,672380.5,3608.0,32921.0,24252.0,161429.0,1605.0,20180410
SPRING ONIONS,24600.0,92371.0,473.0,1778.0,1715.0,6139.0,180.0,20180410
STARFRUIT(CARAMBOLA),6210.0,17899.0,36.0,102.0,72.0,204.0,75.0,20180410
STRAWBERRIES,94120.0,464253.0,261.0,1990.0,813.0,5234.0,139.0,20180410
SWEET BASIL,2716.0,11263.0,60.0,343.0,27.0,100.0,10.0,20180410
SWEET CORN,219743.0,981621.0,1664.0,5421.0,4817.0,20016.0,322.0,20180410
SWEET MELONS,150585.0,632696.53,1583.0,8617.0,11839.0,65559.0,2130.0,20180410
SWEET POTATO,438880.0,1990957.54,12181.0,61305.0,108455.0,450627.0,3427.0,20180410
TABLE CELERY,89570.0,262400.0,273.0,764.0,2518.0,6596.0,116.0,20180410
TARROGAN,135.0,135.0,5.0,5.0,1.0,1.0,0.0,20180410
THYME,470.0,2874.0,28.0,118.0,4.0,22.0,109.0,20180410
TOMATOES,4341667.0,26862400.0,169448.0,999479.0,543845.0,3258863.0,60899.0,20180410
TOMATOES DRIED,120.0,560.0,2.0,7.0,2.0,7.0,58.0,20180410
TURIA,680.0,1600.0,14.0,29.0,56.0,116.0,47.0,20180410
TURMERIC,8650.0,31800.0,17.0,61.0,85.0,305.0,167.0,20180410
TURNIP,9917.0,31268.0,203.0,782.0,1654.0,7870.0,252.0,20180410
VIRTUAL PRODUCT,0.0,0.0,0.0,0.0,0.0,0.0,602308.0,20180410
WATERCRESS,75.0,721.0,4.0,34.0,1.0,7.0,0.0,20180410
WATERMELONS,216449.5,1058573.15,8771.0,50685.0,53158.0,305252.0,19897.0,20180410
WILD ROCKET,0.0,361.0,0.0,32.0,0.0,3.0,1.0,20180410
YELLOW PEPPERS,451688.0,1867263.0,3068.0,13140.0,15340.0,65700.0,794.0,20180410
