Name,Value Sold (ZAR),Value Sold (ZAR MTD),Volume Sold,Volume sold (MTD),KG Sold,KG Sold (MTD),Volume Avalible
AMADUMBE,0.00,87950.00,0,775,0,4754,232.0
APPLES,2064496.00,30741972.00,27115,349606,285064,4611746,134840.0
APRICOTS,0.00,540.00,0,16,0,80,15.0
ASPARAGUS,10310.00,264971.00,41,674,205,3226,31.0
ATCHARA,26.20,655.68,1,24,1,24,78.0
AVOCADOS,465612.00,8891926.90,9032,136087,70020,1053888,28454.0
BABY BRINJALS,0.00,37877.00,0,915,0,3660,10.0
BABY BUTTERNUT,752.00,187812.00,15,1805,64,7798,300.0
BABY CABBAGE,6480.00,89403.00,45,993,201,2551,53.0
BABY CARROTS,4410.00,407452.00,77,2759,458,14199,15.0
BABY GEM SQUASH,450.00,190499.00,24,2176,115,11636,15.0
BABY MARROWS,44080.00,2803316.40,511,42389,2353,194005,3419.0
BABY MIX,0.00,21193.00,0,202,0,981,1.0
BABY SWEET CORN,4902.00,449064.00,33,3168,135,14362,74.0
BANANAS,2382033.50,39136326.50,22591,328721,401425,5778466,42927.0
BASIL,80.00,3876.00,1,80,1,80,4.0
BEAN SPROUTS,600.00,35054.00,10,610,24,1420,2.0
BEANS,44527.00,3087498.37,1671,111097,6647,458199,1542.0
BEANS INDIAN,1535.00,24562.00,64,938,194,2552,218.0
BEETROOT,470868.00,5534035.73,29386,330805,190749,2508040,29717.0
BLACKBERRIES,2880.00,28716.00,12,176,18,264,29.0
BOK CHOY PAK-CHOI,240.00,11250.00,3,125,9,375,0.0
BRINJALS,10250.00,491645.44,191,14797,1548,74842,171.0
BROCCOLI,46538.00,4387599.00,400,33223,1207,97433,778.0
BROCCOLI LEAVES,0.00,19970.00,0,483,0,3864,4.0
BRUSSELS SPROUTS,17300.00,17300.00,44,44,206,206,0.0
BUTTER LETTUCE,112.00,44122.00,2,728,3,1092,61.0
BUTTERNUT,161190.00,5366350.00,8521,269124,73850,2338228,10079.0
CABBAGE,175164.00,5456197.85,8615,290627,77759,2845392,5165.0
CABBAGE RED,26806.00,427586.00,375,5108,1278,15361,331.0
CALABASH,1020.00,29488.00,19,623,76,2456,41.0
CARROTS,1083508.80,19070706.80,36162,582070,229326,4535274,22961.0
CAULI/BROC,20180.00,181100.00,141,1137,423,3411,19.0
CAULIFLOWER,32907.00,3218741.00,318,25951,1583,135803,693.0
CAULIFLOWER FLORETS,432.00,30696.00,6,245,14,588,1.0
CELERY,16200.00,18912.00,54,79,324,474,30.0
CHESTNUTS,0.00,0.00,0,0,0,0,4.0
CHESTNUTS RAW,560.00,64441.00,7,453,70,4530,36.0
CHILLIES,77540.00,2130360.21,4654,88500,13975,277195,10734.0
CHILLIES PROCESSED,27.00,27.00,1,1,0,0,7.0
CHINESE  VEGETABLES,11509.00,199827.60,1263,18797,574,16245,308.0
CHIVES,75.00,3875.00,2,148,2,46,22.0
CHUTNEY,30.00,30.00,1,1,1,1,0.0
COCKTAIL AVOCADO PEAR,0.00,6335.00,0,121,0,242,90.0
COCKTAIL TOMATOES,3210.00,52772.50,79,1537,307,5762,356.0
COCONUTS,19520.00,236730.00,50,614,2500,29400,272.0
CORIANDER/DHANYA,210.00,6239.00,4,576,8,48,117.0
CRUSHED GINGER/GARLIC,919.20,17013.20,4,76,19,346,56.0
CUCUMBER,2345.00,72284.00,91,1661,480,8370,0.0
CURRY LEAVES,417.00,37069.62,23,1736,3,320,20.0
DATES,0.00,18980.00,0,61,0,662,26.0
DHANYA,13846.00,685305.00,148,6175,439,19150,187.0
DILL,82.00,8043.00,5,217,2,265,10.0
DRAGON FRUIT,3550.00,239714.00,231,6209,393,10811,3591.0
DRIED FRUIT,0.00,11255.00,0,23,0,238,20.0
EMPTY BOXES,2182.50,54826.86,291,6863,146,3432,106.0
ENGLISH CUCUMBER,230878.00,8868933.40,4045,90942,31832,705474,1655.0
FENNEL/ANISE,80.00,8950.00,1,106,2,154,0.0
FIGS,1850.00,142901.00,15,1636,93,5934,1071.0
GARLIC,149364.00,2536082.75,671,15009,4646,90930,8226.0
GARLIC PROCESSED,2567.37,101855.19,14,558,65,2591,456.0
GEELORA,1675.00,33958.02,71,1318,213,3954,453.0
GEM SQUASHES,68655.00,1944734.00,3492,60941,28962,462391,4571.0
GHERKINS,6610.00,97024.00,147,2164,827,11500,235.0
GINGER PROCESSED,0.00,1636.62,0,8,0,14,25.0
GINGER ROOT,82140.00,3871533.00,258,11037,1425,60044,3166.0
GOOSEBERRIES,3440.00,154390.00,14,607,45,2496,77.0
GOOVAAR,0.00,950.00,0,26,0,78,9.0
GRANADILLA,5508.00,222275.00,28,1512,76,3228,5.0
GRAPEFRUIT,38800.00,315370.00,300,2462,3804,35439,56.0
GRAPES,758204.00,15723416.20,16296,301457,73283,1152205,219678.0
GREEN MEALIES,490.00,84130.00,24,1137,370,18865,33.0
GREEN PEPPERS,215009.00,6878061.13,6457,260016,33516,1305390,1524.0
GUAVA,1540.00,422322.49,30,8878,103,36364,312.0
HUBBARD SQUASHES,72750.00,2740082.00,1981,42188,63392,1350016,2781.0
JUICE,9866.38,303514.48,161,12699,555,17007,9771.0
KALE,4943.00,61446.25,491,6386,277,5767,220.0
KARELA,2070.00,49904.89,46,1074,113,3008,157.0
KIWIFRUIT,18550.00,1023340.35,99,4038,696,34086,3045.0
LEEKS,3014.00,230779.00,69,3468,361,17915,0.0
LEMON GRASS,105.00,2312.00,5,156,1,31,31.0
LEMONS,197930.00,4588060.82,3344,54465,37920,613197,27492.0
LETTUCE,112540.00,6821970.00,2422,127265,9967,694186,1777.0
LETTUCE LIVING,0.00,29920.00,0,666,0,2331,623.0
LIMES,7510.00,276405.56,233,11345,842,35169,7230.0
LIQUIDS,0.00,3658.00,0,59,0,708,249.0
MAIZE MEAL,0.00,1290.00,0,13,0,325,61.0
MANGO,301377.00,7640634.60,5130,205646,17850,658842,51642.0
MARJORAM,250.00,354.00,10,14,2,3,0.0
MELONS,36840.00,738078.00,844,11235,5908,78645,1420.0
MICRO HERBS,0.00,4280.00,0,219,0,44,10.0
MINT,754.00,8221.00,48,373,11,442,45.0
MITJI BUDGIE,1670.00,32382.00,18,725,82,2224,18.0
MUSHROOMS,26818.00,779096.00,176,2983,406,11499,461.0
MUSK MELONS,31580.00,2430545.00,1176,41657,8441,310899,6388.0
MUSTARD LEAVE,0.00,105.00,0,27,0,3,3.0
NAARTJIES,40.00,6775.00,2,371,4,742,829.0
NECTARINES,491798.00,8990057.00,7490,152362,31856,621777,31386.0
NOVA,200.00,7030.00,2,90,20,900,921.0
OKRA,50235.00,1038974.84,3170,52799,6681,112108,7581.0
ONIONS,4957915.00,74508177.00,123469,1792290,1117253,16164976,252483.0
ORANGE PEPPERS,0.00,26150.00,0,272,0,1360,1.0
ORANGES,412122.00,5851286.50,11133,116877,76339,855692,67811.0
OREGANO,25.00,873.00,1,33,0,7,39.0
PAMPALMOESE,5100.00,274749.00,183,6837,1163,47520,3067.0
PAPINO,28274.00,1656505.00,352,23875,1872,113386,5.0
PAPRIKA,7880.00,312128.00,143,4551,364,13463,143.0
PARSLEY,566.00,113593.42,37,2347,6,5883,13.0
PARSNIP,0.00,33890.00,0,179,0,3222,36.0
PATTY PANS,12338.00,1310329.00,91,9181,475,43656,332.0
PEACHES,30029.00,2600095.90,809,53229,2567,187601,18266.0
PEACHES,388561.00,4983909.00,8064,107005,31150,363413,20753.0
PEANUTS RAW / UNSHELLED,0.00,240.00,0,2,0,4,15.0
PEARS,595462.00,7889973.11,11031,132124,107144,1372943,43589.0
PEAS,1392.00,377877.00,6,2352,17,6328,9.0
PECAN NUT (SHELL),1400.00,46620.00,5,164,20,653,172.0
PICKLED,0.00,388.00,0,6,0,9,569.0
PINEAPPLES,131142.00,4901135.00,5028,103579,35748,797692,12392.0
PIQUANT MIXED CHILLIE,0.00,650.00,0,19,0,76,29.0
PIQUANT PEPPERS (PEPPER DEW),0.00,220.00,0,18,0,54,4.0
PKS BLUE QUEEN,73490.00,1405916.00,2014,34734,70490,1215690,5172.0
PLUMS,516494.00,10604573.70,9943,247218,71253,1554379,51456.0
POMEGRANATE,7030.00,580678.40,132,9201,500,35490,6041.0
POT PLANTS,260.00,60745.00,2,456,12,2735,27.0
POTATOES,4009806.00,101624334.00,111480,3054291,1074432,29828283,24848.0
PRICKLY PEAR,2080.00,505685.00,65,17022,130,34044,30.0
PRUNES,2600.00,279321.00,165,3267,825,15040,1922.0
PUMPKINS,23375.00,795010.00,674,20348,22916,691803,1687.0
PUMPKINS GOURMET GLOBE,0.00,810.00,0,135,0,675,205.0
QUINCE,450.00,12565.00,10,306,40,1224,706.0
RADISH,1140.00,68943.00,8,893,30,2829,8.0
RAINBOW PEPPERS,4898.00,824758.00,160,7970,767,23642,73.0
RASPBERRIES,15800.00,343282.00,196,2827,133,3493,340.0
RED PEPPERS,38975.00,4005090.03,1265,54817,6669,278041,2019.0
RHUBARB,0.00,27180.00,0,246,0,1230,11.0
ROCKET,1365.00,31618.00,50,1115,12,425,29.0
ROSEMARY,310.00,14747.00,14,594,2,121,30.0
SAGE,0.00,2253.00,0,86,0,17,38.0
SATSUMAS,157927.00,2770587.00,4016,103011,18636,308352,38489.0
SHU-SHU,0.00,8985.00,0,112,0,448,16.0
SOUP GREENS,420.00,880.00,3,6,30,60,14.0
SPEARMINT,80.00,52916.50,2,1134,4,2795,207.0
SPINACH,53677.50,1823987.01,4616,87093,19431,429123,2529.0
SPRING ONIONS,3030.00,178026.00,80,3814,249,12484,338.0
STARFRUIT(CARAMBOLA),450.00,62280.00,2,250,4,500,217.0
STRAWBERRIES,30460.00,1170828.50,146,4689,370,14280,539.0
SWEET BASIL,472.00,25034.00,15,689,4,300,0.0
SWEET CORN,23698.00,2279036.00,181,23993,739,77693,198.0
SWEET MELONS,19205.00,1491280.12,452,30366,4321,230206,4465.0
SWEET POTATO,129840.00,3847947.79,5342,170024,62791,1208536,5537.0
TABLE CELERY,112860.00,610188.00,372,2718,3392,24514,10.0
THYME,304.00,7766.00,12,292,2,58,21.0
TOMATOES,2223639.00,61193766.30,118191,2785451,398504,8660050,15142.0
TOMATOES DRIED,0.00,7980.00,0,111,0,111,73.0
TURIA,220.00,7240.00,2,95,8,380,7.0
TURMERIC,0.00,1250.00,0,4,0,20,13.0
TURNIP,0.00,59542.50,0,1422,0,7110,2.0
VIRTUAL PRODUCT,0.00,0.00,0,0,0,0,602308.0
WATERMELONS,131882.00,3557966.60,6951,154344,41804,928354,13236.0
WILD ROCKET,0.00,2125.00,0,94,0,9,6.0
YELLOW PEPPERS,9110.00,3116627.06,131,35802,658,181269,202.0