Name,Value Sold (ZAR),Value Sold (ZAR MTD),Volume Sold,Volume sold (MTD),KG Sold,KG Sold (MTD),Volume Avalible,Date
AMADUMBE,15060.0,48270.0,127.0,354.0,794.0,3012.0,52.0,20180419
APPLES,1545646.0,24035807.1,16706.0,281199.0,213144.0,3657213.0,130661.0,20180419
ASPARAGUS,28950.0,242551.0,51.0,450.0,226.0,1794.0,77.0,20180419
ATCHARA,0.0,1267.1,0.0,52.0,0.0,52.0,16.0,20180419
AVOCADOS,616564.0,7354180.1,10300.0,114303.0,64437.0,858510.0,20495.0,20180419
BABY BRINJALS,5458.0,66162.0,104.0,1397.0,380.0,4746.0,117.0,20180419
BABY BUTTERNUT,16184.0,146280.0,149.0,1483.0,666.0,6393.0,7.0,20180419
BABY CABBAGE,13926.0,222695.0,192.0,2527.0,628.0,8779.0,90.0,20180419
BABY CARROTS,22452.0,301482.0,110.0,1481.0,505.0,6985.0,314.0,20180419
BABY CORN & SUGAR SNAP PEAS,780.0,1680.0,3.0,6.0,6.0,12.0,4.0,20180419
BABY ENGLISH CUCUMBER,5422.0,39282.0,175.0,1221.0,1160.0,9528.0,15.0,20180419
BABY GEM SQUASH,20040.0,211646.0,130.0,1372.0,820.0,8122.0,98.0,20180419
BABY LEAF,2568.0,27066.0,25.0,270.0,25.0,270.0,2.0,20180419
BABY MARROWS,164418.0,2573423.0,2536.0,30981.0,12168.0,143641.0,3577.0,20180419
BABY MIX,3656.0,29101.0,44.0,282.0,222.0,1469.0,20.0,20180419
BABY SWEET CORN,44450.0,549555.0,295.0,2432.0,1246.0,10518.0,427.0,20180419
BANANAS,1647526.0,27910436.8,13282.0,215238.0,218910.0,3732497.0,50877.0,20180419
BAY LEAVES,0.0,339.0,0.0,14.0,0.0,3.0,16.0,20180419
BEAN SPROUTS,2956.0,23797.0,50.0,412.0,117.0,957.0,66.0,20180419
BEANS,181326.58,2533628.48,5944.0,81118.0,24640.0,337669.0,4578.0,20180419
BEANS INDIAN,785.0,6526.0,22.0,243.0,56.0,621.0,45.0,20180419
BEETROOT,198519.0,3271351.0,10995.0,172633.0,92209.0,1407248.0,38781.0,20180419
BLACKBERRIES,9600.0,32664.0,45.0,152.0,68.0,228.0,29.0,20180419
BOK CHOY PAK-CHOI,980.0,7620.0,10.0,83.0,50.0,415.0,4.0,20180419
BRINJALS,49116.0,686289.0,1302.0,14628.0,5623.0,65205.0,1189.0,20180419
BROCCOLI,302600.0,3121703.0,1776.0,18838.0,6989.0,62673.0,296.0,20180419
BROCCOLI FLORETTES,0.0,20297.0,0.0,132.0,0.0,317.0,7.0,20180419
BROCCOLI LEAVES,2110.0,13945.0,50.0,347.0,400.0,2776.0,16.0,20180419
BRUSSELS SPROUTS,16000.0,76800.0,40.0,192.0,240.0,1148.0,0.0,20180419
BUTTER LETTUCE,3396.0,30482.0,47.0,415.0,235.0,2075.0,47.0,20180419
BUTTERNUT,347157.0,4578973.0,19246.0,247399.0,152835.0,2034151.0,39061.0,20180419
CABBAGE,208428.0,3762909.9,11172.0,183895.0,135963.0,2070353.0,17274.0,20180419
CABBAGE  SUGAR,864.0,4256.0,9.0,47.0,22.0,113.0,0.0,20180419
CABBAGE RED,30904.0,497461.0,310.0,5096.0,3420.0,31175.0,120.0,20180419
CALABASH,1650.0,30913.0,33.0,585.0,119.0,2696.0,0.0,20180419
CARROTS,851754.0,13134969.7,33907.0,409321.0,276851.0,3201588.0,42894.0,20180419
CAULI/BROC,19440.0,126214.0,138.0,817.0,446.0,2899.0,92.0,20180419
CAULIFLOWER,144624.0,2271919.5,1646.0,23262.0,6781.0,111202.0,2301.0,20180419
CAULIFLOWER FLORETS,0.0,15264.0,0.0,148.0,0.0,355.0,78.0,20180419
CELERY,12190.0,58140.0,84.0,487.0,666.0,4917.0,51.0,20180419
CHILLIES,96927.0,1539471.84,3728.0,68066.0,12940.0,217922.0,21611.0,20180419
CHINESE  VEGETABLES,18534.0,225571.5,326.0,9592.0,3089.0,26186.0,531.0,20180419
CHIVES,378.0,2323.0,16.0,104.0,1.0,7.0,44.0,20180419
CHORIE,270.0,3100.0,6.0,92.0,30.0,460.0,9.0,20180419
CLEMENTINES,42027.0,456479.0,1991.0,24958.0,8142.0,54076.0,15177.0,20180419
COCKTAIL TOMATOES,10884.5,63756.5,197.0,829.0,885.0,3425.0,257.0,20180419
COCONUTS,21650.0,186785.0,61.0,503.0,3050.0,24450.0,392.0,20180419
CORIANDER/DHANYA,0.0,1520.0,0.0,62.0,0.0,12.0,14.0,20180419
CROUTONS,0.0,2386.2,0.0,123.0,0.0,10.0,501.0,20180419
CRUSHED GINGER/GARLIC,5164.8,22105.2,21.0,96.0,110.0,446.0,32.0,20180419
CUCUMBER,245.0,22210.0,8.0,498.0,40.0,2490.0,19.0,20180419
CURRY LEAVES,2170.0,25440.0,95.0,1147.0,17.0,223.0,179.0,20180419
DATES,4790.0,41958.0,16.0,119.0,83.0,698.0,325.0,20180419
DHANYA,41142.0,462254.0,477.0,5632.0,1438.0,17405.0,309.0,20180419
DILL,1160.0,5787.0,19.0,139.0,38.0,141.0,16.0,20180419
DRAGON FRUIT,9510.0,94100.0,123.0,2859.0,278.0,4824.0,33.0,20180419
DRIED FRUIT,0.0,26460.0,0.0,52.0,0.0,565.0,34.0,20180419
EDIBLE FLOWERS,200.0,1925.0,10.0,94.0,2.0,9.0,20.0,20180419
EMPTY BOXES,2805.0,46260.5,374.0,6163.0,187.0,3082.0,6565.0,20180419
ENDIVE/CHICORY,1660.0,11820.0,20.0,139.0,100.0,695.0,0.0,20180419
ENGLISH CUCUMBER,312498.0,4788551.5,4065.0,64437.0,31728.0,500871.0,963.0,20180419
FENNEL/ANISE,7655.0,42049.0,86.0,463.0,895.0,5340.0,0.0,20180419
FIGS,19035.0,119945.0,290.0,2117.0,906.0,6309.0,161.0,20180419
FRUIT ROLLS,0.0,0.0,0.0,0.0,0.0,0.0,1.0,20180419
GARLIC,203020.0,2215820.0,1434.0,12092.0,7245.0,72905.0,7396.0,20180419
GARLIC PROCESSED,8748.5,81438.61,43.0,435.0,220.0,1991.0,253.0,20180419
GEELORA,1500.0,17773.0,53.0,686.0,159.0,2058.0,80.0,20180419
GEM SQUASHES,118830.0,2043975.56,2725.0,40934.0,22931.0,345501.0,5954.0,20180419
GHERKINS,3336.0,59124.0,65.0,1292.0,316.0,7063.0,118.0,20180419
GINGER PROCESSED,0.0,646.5,0.0,4.0,0.0,1.0,21.0,20180419
GINGER ROOT,108740.0,1676357.06,593.0,6937.0,3127.0,41657.0,3075.0,20180419
GOOSEBERRIES,16224.0,162522.0,41.0,458.0,185.0,1696.0,169.0,20180419
GOOVAAR,250.0,550.0,5.0,13.0,15.0,39.0,15.0,20180419
GRANADILLA,27497.0,529747.0,611.0,7157.0,1251.0,15876.0,2732.0,20180419
GRAPEFRUIT,59445.0,1302740.0,1488.0,14791.0,8810.0,143245.0,5318.0,20180419
GRAPES,622202.0,10309737.3,12753.0,221998.0,52781.0,925787.0,185943.0,20180419
GREEN MEALIES,4810.0,66511.0,49.0,697.0,1034.0,12795.0,131.0,20180419
GREEN PEPPERS,416031.0,5946728.0,17657.0,238860.0,90334.0,1197763.0,23911.0,20180419
GUAVA,55186.0,538164.13,1606.0,15635.0,4615.0,45722.0,3374.0,20180419
HORSERADISH ROOT,0.0,860.0,0.0,81.0,0.0,486.0,86.0,20180419
HUBBARD SQUASHES,103935.0,1666815.0,2738.0,33105.0,87532.0,1057884.0,3878.0,20180419
JUICE,19876.26,274860.93,225.0,2653.0,1150.0,15610.0,2700.0,20180419
KALE,12743.0,129667.8,452.0,7609.0,1673.0,13110.0,590.0,20180419
KARELA,1510.0,29098.0,51.0,758.0,129.0,2155.0,116.0,20180419
KIWIFRUIT,96524.0,942264.0,514.0,5155.0,3045.0,33334.0,3865.0,20180419
KOHLRABI,2520.0,6720.0,21.0,56.0,252.0,672.0,0.0,20180419
KUMQUAT,1800.0,21555.0,60.0,680.0,180.0,2040.0,79.0,20180419
LEEKS,30479.0,276829.0,404.0,3388.0,2631.0,20587.0,441.0,20180419
LEMON GRASS,150.0,2220.0,3.0,107.0,8.0,70.0,10.0,20180419
LEMONS,367180.0,3611125.0,2945.0,45393.0,35283.0,526936.0,54825.0,20180419
LETTUCE,228205.0,3963384.72,6338.0,97797.0,35781.0,536892.0,5357.0,20180419
LETTUCE LIVING,3560.0,21130.0,51.0,412.0,179.0,1442.0,749.0,20180419
LIMES,25393.0,226664.66,839.0,8457.0,2517.0,26586.0,2973.0,20180419
LIQUIDS,62.0,6696.0,1.0,108.0,12.0,1296.0,128.0,20180419
MAIZE MEAL,0.0,570.0,0.0,6.0,0.0,150.0,53.0,20180419
MANGO,173451.0,2894466.77,3769.0,77133.0,15304.0,263556.0,4891.0,20180419
MARJORAM,0.0,312.0,0.0,12.0,0.0,2.0,34.0,20180419
MARROWS,1640.0,12280.0,19.0,161.0,122.0,1130.0,16.0,20180419
MELONS,58361.0,352076.0,1019.0,6049.0,7133.0,42343.0,951.0,20180419
MICRO HERBS,788.0,3030.0,34.0,131.0,7.0,26.0,24.0,20180419
MINT,590.0,1785.0,17.0,61.0,3.0,12.0,6.0,20180419
MITJI BUDGIE,3550.0,25033.0,66.0,475.0,205.0,1460.0,96.0,20180419
MUSHROOMS,40886.0,573558.0,305.0,2548.0,657.0,8790.0,658.0,20180419
MUSK MELONS,309505.0,2351174.74,3331.0,31447.0,25790.0,230988.0,2942.0,20180419
MUSTARD LEAVE,3058.0,6498.0,286.0,904.0,29.0,90.0,0.0,20180419
NAARTJIES,82920.0,375489.5,4359.0,16641.0,11087.0,49033.0,2461.0,20180419
NECTARINES,4820.0,1724338.82,103.0,32293.0,373.0,112595.0,402.0,20180419
NOVA,80780.0,338016.0,3841.0,16998.0,7682.0,33996.0,2337.0,20180419
NUTS,465.0,2865.0,16.0,84.0,16.0,68.0,2.0,20180419
OKRA,56390.0,767458.48,3122.0,41584.0,7146.0,91339.0,6634.0,20180419
ONIONS,3144472.0,53686699.2,77459.0,1260597.0,734760.0,11619981.0,272727.0,20180419
ORANGE PEPPERS,2100.0,25485.0,34.0,281.0,170.0,1405.0,46.0,20180419
ORANGES,875931.0,10492171.9,32678.0,394687.0,226513.0,2633008.0,81498.0,20180419
OREGANO,1053.0,3304.0,39.0,130.0,4.0,13.0,1.0,20180419
PAMPALMOESE,5440.0,249600.0,68.0,3384.0,975.0,41610.0,4480.0,20180419
PAPINO,213640.0,2632684.0,3703.0,30030.0,15911.0,143936.0,4249.0,20180419
PAPRI,160.0,4470.0,2.0,118.0,4.0,236.0,5.0,20180419
PAPRIKA,20552.0,193923.0,366.0,2941.0,1101.0,8876.0,598.0,20180419
PARSLEY,26595.0,219013.0,342.0,2905.0,1042.0,8478.0,25.0,20180419
PATTY PANS,100187.0,1328152.0,571.0,6179.0,3305.0,34805.0,252.0,20180419
PEACHES,6530.0,725043.0,272.0,27139.0,740.0,79153.0,1403.0,20180419
PEACHES,24950.0,794570.0,372.0,20225.0,930.0,50563.0,819.0,20180419
PEANUTS RAW / UNSHELLED,0.0,280.0,0.0,1.0,0.0,2.0,26.0,20180419
PEARS,361654.0,6115320.61,5286.0,94772.0,52865.0,965695.0,23892.0,20180419
PEAS,37992.0,364160.0,199.0,1613.0,462.0,4306.0,17.0,20180419
PECAN NUT (SHELL),7560.0,50400.0,27.0,180.0,108.0,720.0,99.0,20180419
PERSIMMON/SHARON FRUIT,1270.0,50360.0,33.0,878.0,149.0,3951.0,157.0,20180419
PICKLED,0.0,3588.0,0.0,152.0,0.0,185.0,79.0,20180419
PINEAPPLES,338723.0,3415902.0,9114.0,86453.0,69648.0,666704.0,7770.0,20180419
PIQUANT MIXED CHILLIE,0.0,1146.0,0.0,51.0,0.0,204.0,15.0,20180419
PKS BLUE QUEEN,75250.0,1013590.0,2058.0,25425.0,72030.0,889875.0,4266.0,20180419
PLUMS,182645.0,5268538.84,4073.0,89096.0,22632.0,523786.0,17112.0,20180419
POMEGRANATE,39965.0,359493.0,683.0,6391.0,2732.0,25564.0,3181.0,20180419
POT PLANTS,2340.0,42740.0,18.0,332.0,108.0,1992.0,52.0,20180419
POTATOES,5926785.0,93035101.0,189245.0,2300221.0,1837259.0,22486712.0,209294.0,20180419
PRICKLY PEAR,39767.0,374642.0,1165.0,11275.0,2330.0,22550.0,1025.0,20180419
PRUNES,0.0,15500.0,0.0,477.0,0.0,2385.0,430.0,20180419
PUMPKINS,51405.0,526806.79,1297.0,13134.0,43518.0,397082.0,3771.0,20180419
QUINCE,2540.0,32090.0,63.0,760.0,252.0,3040.0,684.0,20180419
RADICCHIO,54.0,1151.0,2.0,65.0,0.0,13.0,9.0,20180419
RADISH,7280.0,41694.0,100.0,591.0,245.0,1510.0,27.0,20180419
RAINBOW PEPPERS,47399.0,584249.0,342.0,6556.0,793.0,21019.0,863.0,20180419
RAMANESCO,128.0,2364.0,2.0,28.0,6.0,76.0,0.0,20180419
RASPBERRIES,19690.0,220005.0,160.0,2267.0,191.0,2374.0,361.0,20180419
RED PEPPERS,136374.0,3800367.0,3751.0,50820.0,18770.0,259168.0,8162.0,20180419
RHUBARB,3300.0,21684.0,30.0,192.0,150.0,960.0,16.0,20180419
ROCKET,5379.0,29507.0,112.0,805.0,75.0,368.0,42.0,20180419
ROSEMARY,2035.0,13523.0,70.0,478.0,16.0,100.0,15.0,20180419
SAGE,54.0,1631.0,2.0,62.0,0.0,12.0,11.0,20180419
SATSUMAS,142753.0,1968164.0,8412.0,103591.0,25593.0,353191.0,76469.0,20180419
SHU-SHU,150.0,12960.0,1.0,175.0,4.0,700.0,0.0,20180419
SNACKS,0.0,2669.9,0.0,72.0,0.0,10.0,432.0,20180419
SOUP GREENS,40778.0,460954.0,375.0,4272.0,2283.0,26491.0,297.0,20180419
SPEARMINT,3890.0,40714.0,59.0,716.0,162.0,1992.0,101.0,20180419
SPINACH,129917.0,1263725.5,5160.0,61478.0,24802.0,293119.0,578.0,20180419
SPRING ONIONS,17282.0,177113.0,335.0,3660.0,1159.0,11738.0,533.0,20180419
STARFRUIT(CARAMBOLA),7520.0,45724.0,76.0,280.0,152.0,560.0,16.0,20180419
STRAWBERRIES,147204.0,1176241.0,507.0,4408.0,1492.0,12328.0,958.0,20180419
SWEET BASIL,3699.0,21999.0,96.0,607.0,35.0,211.0,19.0,20180419
SWEET CORN,153844.0,1754916.0,1546.0,12301.0,4327.0,42295.0,281.0,20180419
SWEET MELONS,57890.0,1474636.53,699.0,17244.0,5140.0,128785.0,471.0,20180419
SWEET POTATO,235231.0,4069666.54,7973.0,148976.0,62716.0,1012936.0,5563.0,20180419
TABLE CELERY,60150.0,654070.0,219.0,2048.0,2042.0,19122.0,101.0,20180419
THYME,1140.0,7338.0,43.0,282.0,8.0,56.0,67.0,20180419
TOMATOES,3274413.0,51670635.0,177515.0,2142848.0,510402.0,6858550.0,70458.0,20180419
TOMATOES DRIED,0.0,1980.0,0.0,34.0,0.0,34.0,31.0,20180419
TURIA,430.0,3500.0,6.0,68.0,21.0,259.0,35.0,20180419
TURMERIC,0.0,39250.0,0.0,75.0,0.0,375.0,13.0,20180419
TURNIP,4592.0,35574.0,90.0,990.0,964.0,12878.0,3.0,20180419
VIRTUAL PRODUCT,0.0,0.0,0.0,0.0,0.0,0.0,602308.0,20180419
WATERCRESS,290.0,1396.0,15.0,69.0,3.0,14.0,0.0,20180419
WATERMELONS,94988.0,1628955.15,3801.0,79898.0,26523.0,492286.0,14589.0,20180419
YELLOW PEPPERS,117166.0,3470979.0,1256.0,27479.0,6285.0,137615.0,1119.0,20180419
