Name,Value Sold (ZAR),Value Sold (ZAR MTD),Volume Sold,Volume sold (MTD),KG Sold,KG Sold (MTD),Volume Avalible,Date
AMADUMBE,1630.0,58480.0,10.0,456.0,164.0,3756.0,58.0,20180425
APPLES,1116281.16,29996806.2,2517.0,339769.0,131840.0,4138971.0,140144.0,20180425
ASPARAGUS,2350.0,317938.0,9.0,597.0,36.0,2392.0,55.0,20180425
ATCHARA,0.0,1267.1,0.0,52.0,0.0,52.0,16.0,20180425
AVOCADOS,502123.0,9796480.1,9389.0,158109.0,59404.0,1165006.0,36986.0,20180425
BABY BRINJALS,1694.61,52347.61,50.0,1377.0,134.0,4556.0,157.0,20180425
BABY BUTTERNUT,5894.0,187799.0,88.0,1839.0,377.0,7940.0,64.0,20180425
BABY CABBAGE,5146.0,268115.0,55.0,3017.0,194.0,10577.0,59.0,20180425
BABY CARROTS,21822.0,402843.0,110.0,2115.0,765.0,10239.0,133.0,20180425
BABY ENGLISH CUCUMBER,120.0,38060.0,2.0,1191.0,16.0,9528.0,171.0,20180425
BABY GEM SQUASH,11524.0,257572.0,57.0,1685.0,487.0,9913.0,33.0,20180425
BABY LEAF,2856.0,32562.0,28.0,324.0,28.0,324.0,48.0,20180425
BABY MARROWS,86941.0,3081844.0,1714.0,40564.0,8063.0,190080.0,4060.0,20180425
BABY MIX,1664.0,35467.0,12.0,343.0,47.0,1773.0,1.0,20180425
BABY SWEET CORN,21462.0,654695.0,179.0,3167.0,931.0,13928.0,569.0,20180425
BANANAS,1086670.0,35396027.9,10103.0,281799.0,177876.0,4893153.0,66107.0,20180425
BAY LEAVES,0.0,514.0,0.0,21.0,0.0,4.0,10.0,20180425
BEAN SPROUTS,1236.0,28867.0,21.0,503.0,58.0,1177.0,36.0,20180425
BEANS,93739.0,2937530.48,3061.0,97509.0,12250.0,399740.0,1730.0,20180425
BEANS INDIAN,0.0,6950.0,0.0,250.0,0.0,680.0,21.0,20180425
BEETROOT,149094.0,4029109.0,9952.0,220932.0,71390.0,1796830.0,33261.0,20180425
BLACKBERRIES,6480.0,47976.0,32.0,224.0,48.0,336.0,32.0,20180425
BRINJALS,25313.0,845678.0,716.0,18864.0,3238.0,84117.0,1213.0,20180425
BROCCOLI,178660.0,3701077.0,1651.0,24618.0,4402.0,71458.0,1064.0,20180425
BROCCOLI LEAVES,1830.0,20110.0,43.0,495.0,344.0,3960.0,7.0,20180425
BRUSSELS SPROUTS,800.0,60800.0,2.0,152.0,8.0,608.0,5.0,20180425
BUTTER LETTUCE,5320.0,66918.0,73.0,994.0,113.0,3430.0,14.0,20180425
BUTTERNUT,365882.0,6112345.0,21222.0,331754.0,177827.0,2758023.0,36082.0,20180425
CABBAGE,137824.0,4743827.9,7503.0,235944.0,98557.0,2753949.0,16427.0,20180425
CABBAGE RED,24168.0,612309.0,260.0,6074.0,1543.0,38370.0,375.0,20180425
CALABASH,840.0,25528.0,24.0,519.0,72.0,1996.0,7.0,20180425
CARROTS,445654.0,16095205.7,18003.0,535842.0,148451.0,4206481.0,30351.0,20180425
CAULI/BROC,15020.0,187570.0,123.0,1290.0,372.0,4534.0,78.0,20180425
CAULIFLOWER,77317.0,2706413.5,1670.0,30063.0,4971.0,143007.0,2598.0,20180425
CELERY,-420.0,73969.0,22.0,670.0,252.0,6696.0,68.0,20180425
CHILLIES,77028.0,1902402.24,3808.0,86021.0,12337.0,273656.0,17853.0,20180425
CHINESE  VEGETABLES,8027.0,282567.81,233.0,12515.0,1444.0,33080.0,1209.0,20180425
CHIVES,90.0,5343.0,4.0,234.0,1.0,30.0,27.0,20180425
CHORIE,0.0,4060.0,0.0,124.0,0.0,620.0,6.0,20180425
CLEMENTINES,14552.0,618313.0,717.0,33057.0,1634.0,77562.0,23989.0,20180425
COCKTAIL TOMATOES,1836.0,79154.5,42.0,1163.0,215.0,5456.0,192.0,20180425
COCONUTS,12000.0,235685.0,34.0,642.0,1650.0,31200.0,329.0,20180425
CORIANDER/DHANYA,655.0,2705.0,26.0,114.0,5.0,23.0,16.0,20180425
CROUTONS,0.0,3977.0,0.0,205.0,0.0,17.0,419.0,20180425
CRUSHED GINGER/GARLIC,0.0,25856.4,0.0,113.0,0.0,520.0,79.0,20180425
CUCUMBER,1655.0,36107.0,44.0,820.0,212.0,4052.0,17.0,20180425
CURRY LEAVES,850.0,29865.0,40.0,1348.0,6.0,260.0,162.0,20180425
DATES,580.0,34808.0,2.0,94.0,16.0,635.0,301.0,20180425
DHANYA,22119.0,573409.0,334.0,7150.0,997.0,21958.0,382.0,20180425
DILL,0.0,4287.5,0.0,72.0,0.0,144.0,1.0,20180425
DRAGON FRUIT,5495.0,47175.0,81.0,684.0,243.0,2052.0,17.0,20180425
DRIED FRUIT,0.0,26340.0,0.0,54.0,0.0,552.0,10.0,20180425
EMPTY BOXES,2700.2,59603.2,360.0,7942.0,180.0,3971.0,4786.0,20180425
ENDIVE/CHICORY,310.0,13720.0,4.0,162.0,20.0,810.0,0.0,20180425
ENGLISH CUCUMBER,321447.0,6265953.5,3471.0,81868.0,26451.0,635168.0,1388.0,20180425
FENNEL/ANISE,1060.0,49529.0,11.0,538.0,176.0,6332.0,14.0,20180425
FIGS,4780.0,141085.0,121.0,2490.0,239.0,7254.0,223.0,20180425
GARLIC,120422.0,2888797.0,435.0,15131.0,3071.0,92263.0,7571.0,20180425
GARLIC PROCESSED,5455.32,96939.11,28.0,353.0,139.0,1234.0,396.0,20180425
GEELORA,315.0,22853.0,12.0,882.0,36.0,2646.0,50.0,20180425
GEM SQUASHES,115101.0,2505280.56,2520.0,50832.0,21441.0,430931.0,1316.0,20180425
GHERKINS,5718.0,77838.0,197.0,1816.0,967.0,9696.0,72.0,20180425
GINGER PROCESSED,0.0,2495.22,0.0,11.0,0.0,38.0,24.0,20180425
GINGER ROOT,133810.0,2366503.06,670.0,10532.0,4141.0,65377.0,2488.0,20180425
GOOSEBERRIES,17952.0,213376.0,59.0,622.0,223.0,2310.0,209.0,20180425
GRANADILLA,13785.0,556059.0,303.0,9629.0,612.0,19520.0,1393.0,20180425
GRAPEFRUIT,55562.0,1492519.0,945.0,19895.0,8605.0,177033.0,11557.0,20180425
GRAPES,368640.75,12694245.4,9942.0,272732.0,37247.0,1140743.0,204368.0,20180425
GREEN MEALIES,6348.0,79929.0,70.0,852.0,438.0,15283.0,138.0,20180425
GREEN PEPPERS,280821.0,7375978.36,13461.0,304927.0,67722.0,1527856.0,28899.0,20180425
GUAVA,45002.02,765177.15,1561.0,23113.0,4791.0,67210.0,2180.0,20180425
HORSERADISH ROOT,0.0,1430.0,0.0,144.0,0.0,864.0,76.0,20180425
HUBBARD SQUASHES,144300.0,2088579.0,3798.0,43473.0,121440.0,1389492.0,7010.0,20180425
JUICE,12479.98,322409.9,149.0,3195.0,702.0,18181.0,3985.0,20180425
KALE,3370.0,173375.8,326.0,10470.0,102.0,15996.0,724.0,20180425
KARELA,985.0,30883.0,54.0,804.0,111.0,2229.0,18.0,20180425
KIWIFRUIT,52620.0,1167118.0,206.0,6434.0,1539.0,41622.0,3019.0,20180425
KUMQUAT,270.0,26405.0,9.0,849.0,27.0,2547.0,128.0,20180425
LEEKS,6398.0,339435.0,87.0,4287.0,581.0,27159.0,448.0,20180425
LEMON GRASS,15.0,2430.0,1.0,123.0,0.0,75.0,49.0,20180425
LEMONS,194765.0,4466975.0,2376.0,58104.0,30320.0,659993.0,73267.0,20180425
LETTUCE,199903.0,4918250.72,5187.0,124587.0,28424.0,683265.0,6515.0,20180425
LETTUCE LIVING,0.0,23990.0,0.0,390.0,0.0,1365.0,758.0,20180425
LIMES,8219.0,271808.66,235.0,10080.0,713.0,31511.0,3420.0,20180425
LIQUIDS,124.0,8060.0,2.0,130.0,24.0,1560.0,106.0,20180425
MAIZE MEAL,100.0,770.0,1.0,8.0,25.0,200.0,51.0,20180425
MANGO,118235.36,3262002.13,2123.0,85608.0,8418.0,296550.0,3134.0,20180425
MARJORAM,0.0,312.0,0.0,12.0,0.0,2.0,10.0,20180425
MARROWS,150.0,16685.0,3.0,247.0,18.0,1278.0,35.0,20180425
MELONS,19220.0,605271.0,326.0,8309.0,2282.0,58163.0,312.0,20180425
MICRO HERBS,0.0,3990.0,0.0,170.0,0.0,34.0,9.0,20180425
MINT,860.0,7865.0,26.0,172.0,37.0,316.0,58.0,20180425
MITJI BUDGIE,1850.0,35101.0,41.0,729.0,123.0,2187.0,221.0,20180425
MIXED,0.0,13100.0,0.0,115.0,0.0,322.0,3.0,20180425
MIXED HERBS,250.0,-33746.4,10.0,-6476.0,1.0,-648.0,0.0,20180425
MUSHROOMS,35679.0,528966.0,132.0,-5516.0,586.0,-21535.0,555.0,20180425
MUSK MELONS,93682.0,3038956.74,1150.0,38514.0,8156.0,278606.0,1350.0,20180425
MUSTARD LEAVE,225.0,17561.0,24.0,2104.0,2.0,210.0,74.0,20180425
NAARTJIES,100551.0,604839.5,1869.0,23799.0,13501.0,80978.0,7644.0,20180425
NECTARINES,0.0,661534.82,0.0,6808.0,0.0,49473.0,284.0,20180425
NOVA,89793.0,745877.0,2653.0,34447.0,9028.0,83066.0,8153.0,20180425
NUTS,0.0,1240.0,0.0,18.0,0.0,2.0,2.0,20180425
OKRA,35843.0,965765.48,1953.0,52488.0,4323.0,115523.0,6338.0,20180425
ONIONS,2897367.0,69416681.8,77773.0,1678190.0,717033.0,15391206.0,344117.0,20180425
ORANGE PEPPERS,520.0,28955.0,13.0,349.0,65.0,1745.0,60.0,20180425
ORANGES,535599.0,13402294.7,16732.0,497300.0,123145.0,3340445.0,60141.0,20180425
PAMPALMOESE,13010.0,271270.0,160.0,3435.0,2308.0,44890.0,5120.0,20180425
PANTRA LEAVES,0.0,900.0,0.0,3.0,0.0,21.0,1.0,20180425
PAPINO,189123.0,3367017.0,2774.0,41352.0,13688.0,200856.0,2084.0,20180425
PAPRIKA,2030.0,257666.0,41.0,4015.0,136.0,11880.0,134.0,20180425
PARSLEY,22719.0,283195.0,243.0,3638.0,756.0,10590.0,58.0,20180425
PATTY PANS,54054.0,1589453.0,481.0,8008.0,2188.0,43891.0,782.0,20180425
PAWPAWS,0.0,0.0,0.0,0.0,0.0,0.0,62.0,20180425
PEACHES,0.0,727312.8,0.0,27293.0,0.0,79618.0,1249.0,20180425
PEACHES,11172.0,839207.0,254.0,21187.0,635.0,52968.0,117.0,20180425
PEANUTS RAW / UNSHELLED,0.0,280.0,0.0,1.0,0.0,2.0,26.0,20180425
PEARS,222599.0,7986930.61,3359.0,122949.0,32054.0,1243917.0,27778.0,20180425
PEAS,854.0,438892.0,3.0,2070.0,10.0,5508.0,5.0,20180425
PECAN NUT (SHELL),1680.0,67200.0,6.0,240.0,24.0,960.0,39.0,20180425
PERSIMMON/SHARON FRUIT,650.0,98880.0,13.0,1830.0,33.0,6331.0,123.0,20180425
PICKLED,0.0,3588.0,0.0,152.0,0.0,185.0,79.0,20180425
PINEAPPLES,190581.0,4330399.0,5375.0,111043.0,41424.0,853212.0,5379.0,20180425
PIQUANT PEPPERS (PEPPER DEW),22.0,657.0,2.0,63.0,6.0,189.0,13.0,20180425
PKS BLUE QUEEN,58670.0,1312627.0,1503.0,33380.0,52556.0,1168251.0,8221.0,20180425
PLUMS,75766.0,6264037.1,1430.0,107278.0,7073.0,627777.0,14064.0,20180425
POMEGRANATE,15219.99,490589.13,161.0,7694.0,644.0,30839.0,4085.0,20180425
POT PLANTS,260.0,53150.0,2.0,412.0,12.0,2472.0,23.0,20180425
POTATOES,5300106.0,116057335.0,165547.0,3061041.0,1597518.0,29881160.0,163827.0,20180425
PRICKLY PEAR,27495.0,518290.04,837.0,15539.0,1674.0,31078.0,2611.0,20180425
PRUNES,0.0,15500.0,0.0,477.0,0.0,2385.0,319.0,20180425
PUMPKINS,20764.0,666199.79,772.0,17043.0,19346.0,522563.0,6014.0,20180425
QUINCE,1760.0,41110.0,44.0,997.0,176.0,3988.0,447.0,20180425
RADISH,2606.0,54414.0,36.0,640.0,113.0,1844.0,47.0,20180425
RAINBOW PEPPERS,37665.0,897289.0,362.0,9700.0,1165.0,29980.0,1367.0,20180425
RASPBERRIES,22600.0,304221.0,249.0,3159.0,275.0,3306.0,533.0,20180425
RED LETTUCE,60.0,130.0,1.0,2.0,11.0,22.0,0.0,20180425
RED PEPPERS,145998.0,4440172.0,2641.0,63684.0,13391.0,319701.0,8100.0,20180425
RHUBARB,0.0,0.0,0.0,0.0,0.0,0.0,6.0,20180425
ROCKET,1791.0,28634.0,33.0,976.0,20.0,340.0,161.0,20180425
ROSEMARY,849.0,16120.0,19.0,570.0,5.0,117.0,70.0,20180425
SAGE,0.0,1874.0,0.0,71.0,0.0,14.0,14.0,20180425
SATSUMAS,93700.0,2460958.0,4668.0,129277.0,22485.0,461406.0,73343.0,20180425
SHALLOTS,0.0,90.0,0.0,2.0,0.0,2.0,5.0,20180425
SHU-SHU,740.0,15560.0,9.0,209.0,36.0,836.0,0.0,20180425
SNACKS,0.0,2744.9,0.0,74.0,0.0,11.0,430.0,20180425
SOUP GREENS,14054.0,554430.0,213.0,5379.0,1418.0,33590.0,1205.0,20180425
SPEARMINT,2641.0,57222.0,53.0,1188.0,133.0,2516.0,118.0,20180425
SPINACH,79825.0,1609725.5,2108.0,79419.0,11545.0,376061.0,1269.0,20180425
SPRING ONIONS,7405.0,209351.0,138.0,3994.0,480.0,13722.0,164.0,20180425
STARFRUIT(CARAMBOLA),6300.0,55124.0,30.0,326.0,60.0,652.0,23.0,20180425
STRAWBERRIES,76128.0,1733799.0,259.0,6010.0,762.0,18199.0,23.0,20180425
SWEET BASIL,794.0,19414.0,28.0,724.0,6.0,145.0,21.0,20180425
SWEET CORN,50744.0,2093449.0,437.0,15282.0,1474.0,53112.0,505.0,20180425
SWEET MELONS,97940.0,1802881.53,817.0,19846.0,5775.0,142270.0,501.0,20180425
SWEET POTATO,260353.0,5154441.54,14187.0,203743.0,64926.0,1340351.0,14128.0,20180425
TABLE CELERY,25040.0,640600.0,101.0,2073.0,932.0,17832.0,237.0,20180425
TAMARILLO,200.0,1120.0,1.0,6.0,4.0,22.0,0.0,20180425
TARROGAN,0.0,333.0,0.0,13.0,0.0,3.0,4.0,20180425
THYME,162.0,9024.0,6.0,347.0,1.0,69.0,82.0,20180425
TOMATOES,3352880.0,65861523.0,133038.0,2725171.0,394065.0,8694794.0,40849.0,20180425
TOMATOES DRIED,0.0,2100.0,0.0,36.0,0.0,36.0,49.0,20180425
TURIA,0.0,3320.0,0.0,64.0,0.0,256.0,37.0,20180425
TURMERIC,0.0,39250.0,0.0,75.0,0.0,375.0,13.0,20180425
TURNIP,4080.0,57313.0,67.0,1258.0,406.0,9187.0,37.0,20180425
VIRTUAL PRODUCT,0.0,0.0,0.0,0.0,0.0,0.0,602308.0,20180425
WATERCRESS,20.0,1676.0,1.0,83.0,0.0,17.0,1.0,20180425
WATERMELONS,8725.0,1890099.15,149.0,94651.0,1212.0,594182.0,597.0,20180425
YELLOW PEPPERS,124325.0,4109255.0,1456.0,35450.0,7290.0,177625.0,2972.0,20180425
