Name,Value Sold (ZAR),Value Sold (ZAR MTD),Volume Sold,Volume sold (MTD),KG Sold,KG Sold (MTD),Volume Avalible,Date
AMADUMBE,1560.0,61290.0,15.0,478.0,174.0,4052.0,36.0,20180430
APPLES,1404819.0,35285649.2,17081.0,406004.0,214545.0,5276436.0,139338.0,20180430
ASPARAGUS,7450.0,375838.0,12.0,694.0,32.0,2696.0,33.0,20180430
ATCHARA,0.0,1267.1,0.0,52.0,0.0,52.0,16.0,20180430
AVOCADOS,548561.0,11328605.7,11618.0,187361.0,68467.0,1399109.0,34235.0,20180430
BABY BRINJALS,410.0,38982.0,12.0,827.0,48.0,3308.0,23.0,20180430
BABY BUTTERNUT,1660.0,215641.0,15.0,2082.0,66.0,9020.0,21.0,20180430
BABY CABBAGE,4808.0,265601.0,51.0,2960.0,182.0,10497.0,63.0,20180430
BABY CARROTS,14040.0,390952.0,65.0,1979.0,365.0,11437.0,94.0,20180430
BABY ENGLISH CUCUMBER,10070.0,56550.0,201.0,1558.0,1608.0,12464.0,0.0,20180430
BABY GEM SQUASH,560.0,296840.0,4.0,1998.0,16.0,11507.0,9.0,20180430
BABY MARROWS,50516.0,3445953.0,955.0,47069.0,4028.0,219278.0,3119.0,20180430
BABY MIX,48.0,25278.0,1.0,182.0,5.0,969.0,6.0,20180430
BABY SWEET CORN,13156.0,726069.0,110.0,3761.0,459.0,16479.0,22.0,20180430
BANANAS,2069615.99,41022536.7,18365.0,337335.0,329406.0,5917133.0,44982.0,20180430
BEAN SPROUTS,670.0,32697.0,13.0,570.0,30.0,1334.0,25.0,20180430
BEANS,108702.0,3340795.23,2079.0,106452.0,8259.0,436651.0,531.0,20180430
BEANS INDIAN,1285.0,9195.0,40.0,310.0,80.0,718.0,8.0,20180430
BEETROOT,105498.0,4600027.9,6144.0,253842.0,49852.0,2069613.0,17574.0,20180430
BLACKBERRIES,3360.0,60624.0,14.0,281.0,32.0,432.0,29.0,20180430
BRINJALS,11170.0,889765.0,283.0,20921.0,1344.0,89639.0,483.0,20180430
BROCCOLI,63562.0,4093038.0,579.0,27681.0,1651.0,80086.0,131.0,20180430
BRUSSELS SPROUTS,32400.0,95200.0,86.0,243.0,370.0,998.0,34.0,20180430
BUTTERNUT,545194.0,7359320.0,29775.0,397971.0,225028.0,3283980.0,19975.0,20180430
CABBAGE,160567.0,5376575.4,3740.0,270287.0,55765.0,3163711.0,3128.0,20180430
CABBAGE RED,6466.0,693914.0,106.0,6946.0,293.0,42048.0,9.0,20180430
CALABASH,3800.0,42323.0,81.0,818.0,311.0,3567.0,32.0,20180430
CARROTS,469878.25,18447533.7,17754.0,630765.0,142385.0,4998209.0,7183.0,20180430
CAULI/BROC,2650.0,212168.0,66.0,1531.0,254.0,5453.0,46.0,20180430
CAULIFLOWER,73536.0,2059838.5,1159.0,25865.0,6011.0,122511.0,578.0,20180430
CAULIFLOWER/BROCCOLI/CABBAGE,100.0,100.0,2.0,2.0,4.0,4.0,0.0,20180430
CELERY,5890.0,84939.0,71.0,834.0,468.0,7878.0,39.0,20180430
CELERY OFFCUTS,30.0,300.0,1.0,8.0,1.0,8.0,2.0,20180430
CHERRIES,0.0,0.0,0.0,0.0,0.0,0.0,8.0,20180430
CHILLIES,86843.0,2232504.24,3495.0,99182.0,13417.0,323535.0,16589.0,20180430
CHINESE  VEGETABLES,13073.0,309237.81,1563.0,15149.0,580.0,35216.0,409.0,20180430
CHIVES,120.0,2894.0,5.0,124.0,1.0,25.0,0.0,20180430
CHORIE,885.0,4945.0,24.0,148.0,120.0,740.0,42.0,20180430
CLEMENTINES,1660.0,685542.0,197.0,35503.0,490.0,87011.0,22343.0,20180430
COCKTAIL TOMATOES,8432.0,86397.5,79.0,1187.0,262.0,4486.0,8.0,20180430
COCONUTS,9700.0,262885.0,32.0,720.0,1575.0,34950.0,307.0,20180430
CORIANDER/DHANYA,0.0,2705.0,0.0,114.0,0.0,23.0,20.0,20180430
CROUTONS,0.0,4947.0,0.0,255.0,0.0,21.0,369.0,20180430
CRUSHED GINGER/GARLIC,403.2,29688.0,2.0,130.0,7.0,596.0,62.0,20180430
CURRY LEAVES,151.0,25106.0,18.0,1109.0,4.0,192.0,22.0,20180430
DATES,0.0,67543.0,0.0,183.0,0.0,1117.0,451.0,20180430
DHANYA,9902.0,628025.0,134.0,8095.0,321.0,24861.0,144.0,20180430
DRAGON FRUIT,455.0,56710.0,10.0,831.0,30.0,2493.0,23.0,20180430
DRIED FRUIT,0.0,26340.0,0.0,54.0,0.0,552.0,10.0,20180430
EMPTY BOXES,3225.08,71003.28,430.0,9462.0,215.0,4731.0,3266.0,20180430
ENGLISH CUCUMBER,124465.0,7250322.5,1005.0,91180.0,7389.0,706178.0,469.0,20180430
FIGS,7970.0,157648.0,169.0,2679.0,520.0,7139.0,109.0,20180430
GARLIC,66948.0,3292302.0,202.0,17031.0,1399.0,103139.0,6731.0,20180430
GARLIC PROCESSED,783.85,109687.44,5.0,398.0,20.0,1358.0,318.0,20180430
GEELORA,3449.0,28887.0,140.0,1117.0,420.0,3351.0,118.0,20180430
GEM SQUASHES,27855.0,2716969.56,491.0,55037.0,4721.0,467144.0,1019.0,20180430
GHERKINS,704.0,84045.0,15.0,1971.0,67.0,10323.0,97.0,20180430
GINGER PROCESSED,0.0,2495.22,0.0,11.0,0.0,38.0,24.0,20180430
GINGER ROOT,54460.0,2658262.06,289.0,11924.0,1710.0,73878.0,1898.0,20180430
GOOSEBERRIES,12464.0,245636.0,49.0,733.0,213.0,2785.0,167.0,20180430
GRANADILLA,22905.0,677758.0,405.0,11131.0,666.0,22303.0,893.0,20180430
GRAPEFRUIT,73595.0,1773241.0,1122.0,23955.0,11624.0,219319.0,10078.0,20180430
GRAPES,875991.5,14844473.9,17132.0,313061.0,75562.0,1318946.0,171825.0,20180430
GREEN MEALIES,100.0,80639.0,20.0,909.0,500.0,16451.0,126.0,20180430
GREEN PEPPERS,177685.0,8489995.36,6228.0,356274.0,31520.0,1785626.0,4212.0,20180430
GUAVA,10673.0,821914.04,567.0,26382.0,1330.0,73764.0,722.0,20180430
HORSERADISH ROOT,0.0,1430.0,0.0,144.0,0.0,864.0,76.0,20180430
HUBBARD SQUASHES,32125.0,2400773.0,968.0,51676.0,30976.0,1653632.0,2778.0,20180430
JUICE,7207.89,351583.27,96.0,3523.0,405.0,19822.0,3657.0,20180430
KALE,10631.0,210987.8,884.0,12642.0,554.0,18728.0,499.0,20180430
KARELA,1475.0,36904.0,42.0,1008.0,84.0,2778.0,124.0,20180430
KIWIFRUIT,46510.0,1302338.0,182.0,7043.0,1427.0,46008.0,3598.0,20180430
KUMQUAT,300.0,29730.0,10.0,957.0,30.0,2871.0,40.0,20180430
LEEKS,1350.0,368273.0,25.0,4720.0,133.0,29914.0,172.0,20180430
LEMONS,209187.0,4912535.0,3471.0,65000.0,42232.0,741412.0,83369.0,20180430
LETTUCE,147542.0,5710624.72,2947.0,145126.0,9112.0,785675.0,762.0,20180430
LETTUCE LIVING,0.0,26300.0,0.0,423.0,0.0,1481.0,805.0,20180430
LIMES,25450.0,342909.66,216.0,11745.0,2328.0,38178.0,2393.0,20180430
LIQUIDS,0.0,9462.0,0.0,152.0,0.0,1824.0,84.0,20180430
LITCHIS,36000.0,64640.0,225.0,404.0,563.0,1010.0,0.0,20180430
MAIZE MEAL,100.0,870.0,1.0,9.0,25.0,225.0,50.0,20180430
MANGO,73995.0,3487473.13,1863.0,90814.0,6946.0,315172.0,1408.0,20180430
MARROWS,815.0,6178.0,35.0,165.0,105.0,609.0,12.0,20180430
MELONS,24240.0,691476.0,202.0,9361.0,1414.0,65527.0,4.0,20180430
MINT,3220.0,13555.0,76.0,306.0,176.0,622.0,29.0,20180430
MITJI BUDGIE,2400.0,43931.0,46.0,937.0,138.0,2811.0,52.0,20180430
MORINGA,50.0,6460.0,1.0,75.0,4.0,300.0,6.0,20180430
MUSHROOMS,33807.0,644245.5,132.0,-3762.0,549.0,-18319.0,421.0,20180430
MUSK MELONS,46130.0,3537496.74,510.0,43135.0,3642.0,311196.0,1721.0,20180430
MUSTARD LEAVE,1240.0,19877.0,155.0,2479.0,16.0,248.0,140.0,20180430
NAARTJIES,78171.0,802594.5,2768.0,30514.0,12465.0,108462.0,15438.0,20180430
NECTARINES,0.0,642234.82,0.0,6713.0,0.0,48998.0,185.0,20180430
NOVA,63187.0,1202404.0,1002.0,49466.0,7926.0,131260.0,12159.0,20180430
NUTS,0.0,1240.0,0.0,18.0,0.0,2.0,2.0,20180430
OKRA,52782.0,1133163.73,2804.0,62043.0,6793.0,137044.0,3866.0,20180430
ONIONS,3527616.93,79304826.3,101410.0,1968825.0,911313.0,17961552.0,238164.0,20180430
ORANGE PEPPERS,770.0,30835.0,22.0,393.0,110.0,1965.0,44.0,20180430
ORANGES,616648.0,15758062.1,21726.0,577711.0,153704.0,3893244.0,57575.0,20180430
PAMPALMOESE,13140.0,296290.0,144.0,3714.0,2160.0,49038.0,6451.0,20180430
PANTRA LEAVES,770.0,20400.0,11.0,272.0,22.0,544.0,0.0,20180430
PAPINO,127870.0,3558637.0,1861.0,45331.0,8527.0,218460.0,1188.0,20180430
PAPRI,1445.0,11629.0,34.0,262.0,97.0,633.0,10.0,20180430
PAPRIKA,2620.0,87059.0,47.0,1382.0,121.0,5203.0,81.0,20180430
PARSLEY,200.0,161958.0,3.0,2486.0,3.0,6204.0,18.0,20180430
PARSNIP,200.0,59600.0,1.0,299.0,7.0,2093.0,0.0,20180430
PATTY PANS,17418.0,1808190.0,237.0,9792.0,902.0,52679.0,677.0,20180430
PAWPAWS,1100.0,1100.0,55.0,55.0,275.0,275.0,7.0,20180430
PEACHES,1180.0,728762.8,118.0,27438.0,295.0,79980.0,1104.0,20180430
PEACHES,120.0,845927.0,6.0,21303.0,15.0,53258.0,1.0,20180430
PEANUTS RAW / UNSHELLED,0.0,280.0,0.0,1.0,0.0,2.0,26.0,20180430
PEARS,468820.0,9381944.61,6957.0,144260.0,65962.0,1442599.0,28441.0,20180430
PEAS,26676.0,500461.0,170.0,2299.0,408.0,6170.0,3.0,20180430
PECAN NUT (SHELL),0.0,71960.0,0.0,257.0,0.0,1028.0,22.0,20180430
PERSIMMON/SHARON FRUIT,66024.0,370394.0,534.0,4905.0,3098.0,17280.0,4979.0,20180430
PICKLED,0.0,3588.0,0.0,152.0,0.0,185.0,79.0,20180430
PINEAPPLES,147115.0,4988189.0,4356.0,128624.0,34276.0,991256.0,860.0,20180430
PIQUANT PEPPERS (PEPPER DEW),0.0,667.0,0.0,64.0,0.0,192.0,12.0,20180430
PKS BLUE QUEEN,60695.0,1488312.0,1657.0,38296.0,57995.0,1340311.0,6062.0,20180430
PLUMS,230826.0,6726738.1,4363.0,115057.0,24022.0,675847.0,13751.0,20180430
POMEGRANATE,108985.0,662094.13,1948.0,10300.0,7792.0,41263.0,1909.0,20180430
POT PLANTS,0.0,59290.0,0.0,456.0,0.0,2736.0,2.0,20180430
POTATOES,2219101.0,132298058.0,70359.0,3588391.0,671628.0,35020086.0,13502.0,20180430
PRICKLY PEAR,12930.0,583935.04,372.0,17544.0,744.0,35088.0,602.0,20180430
PRUNES,0.0,15500.0,0.0,477.0,0.0,2385.0,319.0,20180430
PUMPKINS,53959.0,856836.29,1592.0,22465.0,60732.0,713515.0,4631.0,20180430
QUINCE,90.0,42475.0,2.0,1030.0,8.0,4120.0,414.0,20180430
RADISH,2838.0,82090.0,38.0,1190.0,149.0,3581.0,194.0,20180430
RAINBOW PEPPERS,48772.0,1059235.78,825.0,11994.0,3066.0,33687.0,136.0,20180430
RASPBERRIES,16680.0,351262.0,131.0,2568.0,197.0,3778.0,410.0,20180430
RED PEPPERS,120995.0,4750245.0,3046.0,75234.0,15330.0,376450.0,5696.0,20180430
RHUBARB,0.0,0.0,0.0,0.0,0.0,0.0,6.0,20180430
ROCKET,318.0,37009.0,11.0,1102.0,4.0,345.0,20.0,20180430
ROSEMARY,225.0,18676.0,9.0,664.0,2.0,133.0,10.0,20180430
SAGE,27.0,2204.0,1.0,84.0,0.0,17.0,0.0,20180430
SATSUMAS,105030.0,2874352.0,5281.0,157127.0,32452.0,576716.0,59939.0,20180430
SHALLOTS,0.0,90.0,0.0,2.0,0.0,2.0,5.0,20180430
SHU-SHU,430.0,17160.0,9.0,235.0,36.0,940.0,5.0,20180430
SNACKS,0.0,4207.4,0.0,113.0,0.0,16.0,391.0,20180430
SOUP GREENS,16828.5,626774.5,352.0,6871.0,2208.0,43161.0,139.0,20180430
SPEARMINT,175.0,36994.0,7.0,1003.0,1.0,1316.0,43.0,20180430
SPINACH,35785.0,1865639.0,2343.0,89997.0,9944.0,427136.0,1553.0,20180430
SPRING ONIONS,476.0,151467.0,11.0,2744.0,34.0,9500.0,35.0,20180430
STRAWBERRIES,101560.0,2178961.0,336.0,7414.0,1130.0,22993.0,124.0,20180430
SWEET BASIL,81.0,22433.0,3.0,835.0,1.0,167.0,0.0,20180430
SWEET CORN,9515.0,2319937.0,117.0,17635.0,403.0,60509.0,191.0,20180430
SWEET MELONS,44040.0,1737526.53,480.0,18810.0,3360.0,131670.0,277.0,20180430
SWEET POTATO,97005.0,5654562.54,4474.0,229681.0,62606.0,1549015.0,11204.0,20180430
TABLE CELERY,54110.0,927820.0,223.0,3165.0,2032.0,28972.0,150.0,20180430
THYME,650.0,11120.0,28.0,431.0,6.0,86.0,50.0,20180430
TOMATOES,2784455.0,76266894.8,65067.0,2998030.0,257753.0,9769825.0,10022.0,20180430
TOMATOES DRIED,0.0,2490.0,0.0,40.0,0.0,40.0,45.0,20180430
TURIA,0.0,3420.0,0.0,65.0,0.0,260.0,33.0,20180430
TURMERIC,0.0,39250.0,0.0,75.0,0.0,375.0,13.0,20180430
TURNIP,40.0,36495.0,1.0,669.0,5.0,3345.0,0.0,20180430
VIRTUAL PRODUCT,0.0,0.0,0.0,0.0,0.0,0.0,602308.0,20180430
WATERMELONS,25455.0,2040775.15,286.0,96512.0,2173.0,606758.0,989.0,20180430
YELLOW PEPPERS,126791.0,4644975.0,1750.0,43024.0,8755.0,215505.0,1693.0,20180430
