Name,Value Sold (ZAR),Value Sold (ZAR MTD),Volume Sold,Volume sold (MTD),KG Sold,KG Sold (MTD),Volume Avalible,Date
AMADUMBE,2175.0,6955.0,39.0,104.0,150.0,550.0,93.0,20180504
APPLES,1836780.0,6338618.0,21473.0,75163.0,272021.0,923969.0,118525.0,20180504
ASPARAGUS,27350.0,86497.0,43.0,141.0,206.0,644.0,52.0,20180504
ATCHARA,0.0,0.0,0.0,0.0,0.0,0.0,16.0,20180504
AVOCADOS,433695.91,1941282.33,8798.0,40448.0,60091.0,280665.0,26761.0,20180504
BABY BRINJALS,3589.0,15716.0,100.0,287.0,399.0,1112.0,329.0,20180504
BABY BUTTERNUT,12156.0,41972.0,89.0,337.0,402.0,1505.0,17.0,20180504
BABY CABBAGE,8056.0,50650.0,98.0,558.0,430.0,2149.0,75.0,20180504
BABY CARROTS,21726.0,68200.0,109.0,339.0,682.0,1752.0,80.0,20180504
BABY ENGLISH CUCUMBER,300.0,300.0,5.0,5.0,30.0,30.0,5.0,20180504
BABY GEM SQUASH,5934.0,57174.0,52.0,420.0,276.0,2509.0,143.0,20180504
BABY LEAF,0.0,13548.0,0.0,99.0,0.0,99.0,1.0,20180504
BABY MARROWS,122712.0,476708.0,2526.0,8644.0,11083.0,40528.0,4644.0,20180504
BABY MIX,1288.0,2338.0,9.0,16.0,30.0,63.0,1.0,20180504
BABY SWEET CORN,19480.0,100966.0,75.0,494.0,408.0,2254.0,28.0,20180504
BANANAS,2134329.0,6364043.82,17584.0,52807.0,299715.0,907853.0,29879.0,20180504
BASIL,140.0,140.0,2.0,2.0,2.0,2.0,52.0,20180504
BAY LEAVES,104.0,104.0,4.0,4.0,1.0,1.0,6.0,20180504
BEAN SPROUTS,1284.0,7784.0,20.0,130.0,48.0,303.0,14.0,20180504
BEANS,264784.0,996803.0,5619.0,19009.0,22972.0,78620.0,4776.0,20180504
BEANS INDIAN,60.0,2545.0,2.0,66.0,4.0,167.0,12.0,20180504
BEETROOT,245156.0,969225.55,9215.0,45221.0,82159.0,379629.0,17082.0,20180504
BOK CHOY PAK-CHOI,540.0,2780.0,6.0,31.0,24.0,133.0,0.0,20180504
BRINJALS,42518.0,206418.0,1176.0,5210.0,5134.0,23928.0,1224.0,20180504
BROCCOLI,227094.0,925052.0,1690.0,6941.0,4913.0,19371.0,129.0,20180504
BROCCOLI FLORETTES,2400.0,2400.0,20.0,20.0,48.0,48.0,0.0,20180504
BROCCOLI LEAVES,1815.0,4945.0,50.0,125.0,400.0,1000.0,6.0,20180504
BUTTER LETTUCE,480.0,15926.0,8.0,243.0,37.0,708.0,67.0,20180504
BUTTERNUT,375746.0,1260587.0,15997.0,59030.0,131842.0,497468.0,32608.0,20180504
CABBAGE,356058.0,1169180.0,12935.0,42965.0,169475.0,552934.0,7458.0,20180504
CABBAGE RED,44689.0,135778.0,458.0,1058.0,1389.0,3136.0,124.0,20180504
CALABASH,2430.0,6060.0,31.0,98.0,218.0,531.0,28.0,20180504
CARROTS,944182.0,3597077.2,30792.0,117502.0,243672.0,909726.0,25150.0,20180504
CAULI/BROC,23084.0,73412.0,145.0,572.0,711.0,2419.0,77.0,20180504
CAULIFLOWER,140108.0,530112.0,1915.0,5946.0,6715.0,25000.0,2230.0,20180504
CAULIFLOWER FLORETS,1200.0,1200.0,21.0,21.0,50.0,50.0,17.0,20180504
CELERY,7420.0,16494.0,73.0,162.0,729.0,1560.0,70.0,20180504
CELERY OFFCUTS,480.0,840.0,6.0,12.0,6.0,12.0,0.0,20180504
CHERRIES,0.0,0.0,0.0,0.0,0.0,0.0,15.0,20180504
CHILLIES,89222.0,365516.5,4260.0,17962.0,14139.0,59093.0,12810.0,20180504
CHINESE  VEGETABLES,11413.0,51262.5,959.0,3864.0,2062.0,7528.0,2974.0,20180504
CHIVES,335.0,555.0,15.0,26.0,2.0,3.0,4.0,20180504
CHORIE,160.0,580.0,8.0,25.0,40.0,125.0,35.0,20180504
CLEMENTINES,46412.0,103631.0,1689.0,4712.0,12852.0,20378.0,15596.0,20180504
COCKTAIL TOMATOES,15995.0,33161.0,138.0,370.0,641.0,1411.0,30.0,20180504
COCONUTS,15270.0,46990.0,42.0,133.0,2000.0,6475.0,289.0,20180504
CORIANDER/DHANYA,215.0,420.0,8.0,15.0,4.0,11.0,43.0,20180504
CROUTONS,97.0,601.4,5.0,31.0,0.0,2.0,338.0,20180504
CRUSHED GINGER/GARLIC,2162.4,9236.4,9.0,38.0,46.0,195.0,93.0,20180504
CUCUMBER,3555.0,13955.0,59.0,259.0,287.0,1287.0,7.0,20180504
CURRY LEAVES,1180.0,5724.0,52.0,223.0,11.0,56.0,15.0,20180504
DATES,4040.0,31360.0,11.0,74.0,61.0,408.0,427.0,20180504
DHANYA,26151.0,110713.0,467.0,1595.0,1454.0,4839.0,623.0,20180504
DRAGON FRUIT,680.0,1320.0,8.0,26.0,38.0,92.0,0.0,20180504
DRIED FRUIT,0.0,485.0,0.0,1.0,0.0,10.0,9.0,20180504
EDIBLE FLOWERS,0.0,280.0,0.0,14.0,0.0,0.0,6.0,20180504
EMPTY BOXES,4432.5,10335.0,591.0,1378.0,296.0,689.0,1888.0,20180504
ENGLISH CUCUMBER,708526.0,2312583.0,6292.0,20052.0,49172.0,155661.0,4285.0,20180504
FENNEL/ANISE,3470.0,12752.0,32.0,132.0,357.0,1094.0,3.0,20180504
FIGS,2070.0,29446.0,74.0,517.0,410.0,1512.0,111.0,20180504
GARLIC,201045.0,624269.0,1328.0,2888.0,7365.0,17820.0,9279.0,20180504
GARLIC PROCESSED,8420.7,23586.5,51.0,137.0,235.0,638.0,420.0,20180504
GEELORA,240.0,4125.0,7.0,158.0,21.0,474.0,89.0,20180504
GEM SQUASHES,266536.0,817532.0,5058.0,14653.0,41522.0,120449.0,5433.0,20180504
GHERKINS,4308.0,19862.0,81.0,438.0,392.0,2177.0,158.0,20180504
GINGER PROCESSED,0.0,0.0,0.0,0.0,0.0,0.0,24.0,20180504
GINGER ROOT,113050.0,466185.0,567.0,2373.0,3289.0,13260.0,1788.0,20180504
GOOSEBERRIES,11512.0,30332.0,69.0,129.0,253.0,507.0,47.0,20180504
GRANADILLA,6226.0,68835.0,179.0,1327.0,358.0,2682.0,1047.0,20180504
GRAPEFRUIT,17825.0,165915.0,219.0,4278.0,2771.0,27872.0,9087.0,20180504
GRAPES,757779.0,2502117.76,18724.0,57069.0,63335.0,214764.0,152138.0,20180504
GREEN MEALIES,2323.0,4903.0,46.0,80.0,690.0,1274.0,86.0,20180504
GREEN PEPPERS,686055.0,2296432.0,25707.0,82129.0,132245.0,414854.0,20520.0,20180504
GUAVA,71217.0,178104.3,2265.0,6325.0,5673.0,14915.0,457.0,20180504
HORSERADISH ROOT,430.0,12430.0,47.0,62.0,282.0,372.0,321.0,20180504
HUBBARD SQUASHES,199125.0,388805.0,3274.0,7515.0,104576.0,240288.0,465.0,20180504
JUICE,12260.37,51259.99,144.0,568.0,689.0,2885.0,3089.0,20180504
KALE,16173.0,55346.0,918.0,3853.0,1389.0,3791.0,1204.0,20180504
KARELA,1428.0,4541.0,56.0,152.0,112.0,309.0,22.0,20180504
KIWIFRUIT,25788.0,148228.0,156.0,600.0,762.0,4578.0,4047.0,20180504
KUMQUAT,960.0,4800.0,32.0,174.0,96.0,522.0,196.0,20180504
LEEKS,7060.0,44474.0,127.0,721.0,958.0,5081.0,504.0,20180504
LEMON GRASS,0.0,360.0,0.0,30.0,0.0,6.0,10.0,20180504
LEMONS,241531.0,785517.1,4509.0,12196.0,45242.0,136452.0,91343.0,20180504
LETTUCE,450443.06,1479315.56,7253.0,23051.0,37334.0,118976.0,1774.0,20180504
LETTUCE LIVING,0.0,3745.0,0.0,87.0,0.0,305.0,818.0,20180504
LIMES,9994.0,57639.0,788.0,2538.0,2369.0,7619.0,1612.0,20180504
LIQUIDS,0.0,0.0,0.0,0.0,0.0,0.0,84.0,20180504
MAIZE MEAL,0.0,300.0,0.0,3.0,0.0,75.0,47.0,20180504
MANGO,25010.0,86304.0,275.0,1286.0,1086.0,4762.0,399.0,20180504
MARROWS,60.0,3365.0,1.0,78.0,6.0,298.0,184.0,20180504
MELONS,37125.0,166900.0,363.0,1846.0,2541.0,12922.0,869.0,20180504
MINT,90.0,1839.0,5.0,52.0,8.0,102.0,0.0,20180504
MITJI BUDGIE,920.0,5355.0,18.0,96.0,61.0,330.0,80.0,20180504
MIXED,0.0,0.0,0.0,0.0,0.0,0.0,3.0,20180504
MUSHROOMS,54115.0,182679.0,201.0,864.0,867.0,2856.0,568.0,20180504
MUSK MELONS,200310.0,850938.0,1485.0,7463.0,10788.0,53588.0,1595.0,20180504
MUSTARD LEAVE,50.0,1832.0,1.0,173.0,10.0,87.0,141.0,20180504
NAARTJIES,208112.0,661041.0,6440.0,22391.0,26604.0,93714.0,35295.0,20180504
NECTARINES,0.0,0.0,0.0,0.0,0.0,0.0,185.0,20180504
NOVA,257085.0,655531.0,11108.0,26096.0,34995.0,81123.0,32002.0,20180504
NUTS,0.0,0.0,0.0,0.0,0.0,0.0,2.0,20180504
OKRA,43742.0,197224.29,2421.0,10356.0,5342.0,21755.0,4775.0,20180504
ONIONS,4162886.5,12015588.4,121816.0,340353.0,1035013.0,3019004.0,236735.0,20180504
ORANGE PEPPERS,120.0,680.0,2.0,11.0,10.0,55.0,52.0,20180504
ORANGES,1231716.0,3512295.41,39118.0,117196.0,275958.0,791166.0,57743.0,20180504
OREGANO,27.0,297.0,1.0,11.0,0.0,1.0,9.0,20180504
PAMPALMOESE,9300.0,18180.0,114.0,207.0,1618.0,2893.0,6244.0,20180504
PANTRA LEAVES,1350.0,3350.0,22.0,52.0,44.0,104.0,12.0,20180504
PAPINO,256641.0,805626.0,3388.0,10422.0,16155.0,50807.0,3094.0,20180504
PAPRI,365.0,2725.0,11.0,54.0,33.0,154.0,41.0,20180504
PAPRIKA,500.0,11520.0,10.0,221.0,50.0,984.0,27.0,20180504
PARSLEY,27015.0,73470.0,386.0,932.0,771.0,2249.0,255.0,20180504
PATTY PANS,44885.0,246360.0,487.0,2216.0,2590.0,11537.0,1752.0,20180504
PEACHES,1000.0,13740.0,50.0,377.0,125.0,1358.0,727.0,20180504
PEACHES,0.0,0.0,0.0,0.0,0.0,0.0,1.0,20180504
PEANUTS RAW / UNSHELLED,0.0,0.0,0.0,0.0,0.0,0.0,26.0,20180504
PEARS,498613.0,1749119.0,7151.0,26020.0,70392.0,254297.0,18674.0,20180504
PEAS,21024.0,162521.0,77.0,675.0,246.0,2154.0,281.0,20180504
PECAN NUT (SHELL),3080.0,6160.0,11.0,22.0,44.0,88.0,0.0,20180504
PERSIMMON/SHARON FRUIT,112965.0,271520.0,1451.0,4852.0,5543.0,14495.0,2873.0,20180504
PICKLED,0.0,0.0,0.0,0.0,0.0,0.0,79.0,20180504
PINEAPPLES,163740.0,773190.0,3803.0,18202.0,30424.0,145616.0,0.0,20180504
PIQUANT PEPPERS (PEPPER DEW),0.0,80.0,0.0,8.0,0.0,24.0,4.0,20180504
PKS BLUE QUEEN,93065.0,234670.0,2812.0,6417.0,98420.0,224595.0,4966.0,20180504
PLUMS,345217.0,563151.0,4177.0,8759.0,28517.0,46002.0,11797.0,20180504
POMEGRANATE,19818.0,51648.0,161.0,627.0,644.0,2508.0,2882.0,20180504
POT PLANTS,1400.0,10200.0,10.0,73.0,60.0,438.0,43.0,20180504
POTATOES,7721431.0,24773590.0,178629.0,593064.0,1741932.0,5784111.0,32169.0,20180504
PRUNES,0.0,0.0,0.0,0.0,0.0,0.0,319.0,20180504
PUMPKINS,69630.0,169410.0,1975.0,5000.0,68476.0,169555.0,2466.0,20180504
QUINCE,1280.0,3650.0,32.0,90.0,128.0,360.0,324.0,20180504
RADISH,4676.0,19756.0,67.0,289.0,218.0,928.0,213.0,20180504
RAINBOW PEPPERS,86100.0,207774.0,556.0,1960.0,1613.0,6385.0,303.0,20180504
RASPBERRIES,20292.0,64554.0,203.0,686.0,227.0,708.0,442.0,20180504
RED LETTUCE,340.0,1320.0,6.0,19.0,66.0,209.0,26.0,20180504
RED PEPPERS,176870.0,638177.0,3716.0,12240.0,18665.0,61373.0,11468.0,20180504
RHUBARB,1080.0,7920.0,9.0,71.0,45.0,355.0,15.0,20180504
ROCKET,1780.0,7154.0,64.0,228.0,12.0,70.0,248.0,20180504
ROSEMARY,0.0,1670.0,0.0,62.0,0.0,12.0,8.0,20180504
SAGE,108.0,189.0,4.0,7.0,1.0,1.0,3.0,20180504
SALAD,732.0,2244.0,5.0,15.0,1.0,3.0,0.0,20180504
SATSUMAS,74509.0,382070.0,3848.0,17570.0,15553.0,78180.0,52603.0,20180504
SNACKS,0.0,37.5,0.0,1.0,0.0,0.0,390.0,20180504
SOUP GREENS,41270.0,122230.0,651.0,1797.0,4047.0,11529.0,195.0,20180504
SPEARMINT,3768.0,11155.0,128.0,303.0,190.0,464.0,80.0,20180504
SPINACH,91463.5,400818.4,2696.0,12439.0,14317.0,64009.0,2222.0,20180504
SPRING ONIONS,13665.0,55225.0,284.0,1364.0,927.0,3472.0,162.0,20180504
STARFRUIT(CARAMBOLA),6680.0,14280.0,33.0,71.0,53.0,114.0,20.0,20180504
STRAWBERRIES,44928.0,431642.0,214.0,1232.0,606.0,4043.0,32.0,20180504
SUGAR CANE,7730.0,7730.0,101.0,101.0,707.0,707.0,106.0,20180504
SWEET BASIL,788.0,4443.0,27.0,149.0,6.0,31.0,31.0,20180504
SWEET CORN,126790.0,343672.0,862.0,2408.0,2700.0,7986.0,36.0,20180504
SWEET MELONS,90490.0,555690.0,566.0,4146.0,4008.0,29159.0,356.0,20180504
SWEET POTATO,147668.0,759018.25,6848.0,38669.0,62892.0,281816.0,12717.0,20180504
TABLE CELERY,18210.0,104770.0,79.0,438.0,650.0,3722.0,29.0,20180504
THYME,352.0,1595.0,13.0,60.0,3.0,12.0,67.0,20180504
TOMATOES,5232854.0,15711599.6,148401.0,440496.0,490862.0,1408344.0,38092.0,20180504
TOMATOES DRIED,250.0,370.0,3.0,5.0,3.0,5.0,40.0,20180504
TURIA,0.0,780.0,0.0,12.0,0.0,48.0,4.0,20180504
TURMERIC,0.0,0.0,0.0,0.0,0.0,0.0,13.0,20180504
TURNIP,9010.0,23895.0,138.0,360.0,810.0,2040.0,42.0,20180504
VIRTUAL PRODUCT,0.0,0.0,0.0,0.0,0.0,0.0,602308.0,20180504
WATERCRESS,60.0,221.0,3.0,10.0,1.0,2.0,0.0,20180504
WATERMELONS,74650.0,353299.0,1205.0,3792.0,7443.0,47231.0,545.0,20180504
WILD ROCKET,0.0,0.0,0.0,0.0,0.0,0.0,10.0,20180504
YELLOW PEPPERS,147990.0,622025.0,2168.0,8705.0,10843.0,43537.0,4034.0,20180504
