Name,Value Sold (ZAR),Value Sold (ZAR MTD),Volume Sold,Volume sold (MTD),KG Sold,KG Sold (MTD),Volume Avalible,Date
AMADUMBE,4120.0,63405.0,63.0,575.0,180.0,4210.0,27.0,20180524
APPLES,1619704.0,30012612.0,19472.0,353629.0,240447.0,4301278.0,152828.0,20180524
ASPARAGUS,19900.0,431972.0,29.0,861.0,127.0,3332.0,32.0,20180524
ATCHARA,0.0,0.0,0.0,0.0,0.0,0.0,16.0,20180524
AVOCADOS,401039.0,9573291.57,7836.0,195093.0,55145.0,1315576.0,56590.0,20180524
BABY BRINJALS,1295.0,49375.0,28.0,1081.0,111.0,4112.0,72.0,20180524
BABY BUTTERNUT,16344.0,186648.0,146.0,1666.0,625.0,7368.0,95.0,20180524
BABY CABBAGE,23056.0,211898.0,243.0,2143.0,877.0,8030.0,7.0,20180524
BABY CARROTS,29664.0,290520.0,152.0,1457.0,561.0,6422.0,53.0,20180524
BABY ENGLISH CUCUMBER,0.0,29632.0,0.0,576.0,0.0,4608.0,6.0,20180524
BABY GEM SQUASH,19026.0,224154.0,201.0,2167.0,1078.0,11351.0,433.0,20180524
BABY MARROWS,168232.0,2215973.7,3257.0,44793.0,14489.0,203232.0,2393.0,20180524
BABY MIX,1850.0,29908.0,23.0,339.0,101.0,1650.0,13.0,20180524
BABY SWEET CORN,38432.0,561409.0,240.0,2837.0,1119.0,12914.0,413.0,20180524
BANANAS,1332535.0,29876223.0,12440.0,263065.0,212149.0,4553626.0,61261.0,20180524
BASIL,480.0,3920.0,6.0,51.0,6.0,51.0,7.0,20180524
BAY LEAVES,0.0,424.0,0.0,17.0,0.0,3.0,9.0,20180524
BEAN SPROUTS,720.0,23787.0,12.0,417.0,27.0,962.0,62.0,20180524
BEANS,222978.0,3881051.23,8893.0,103764.0,36647.0,435062.0,11646.0,20180524
BEANS INDIAN,805.0,6768.0,27.0,163.0,114.0,500.0,51.0,20180524
BEETROOT,306227.0,4629539.55,14528.0,210882.0,114052.0,1690680.0,18900.0,20180524
BLACKBERRIES,4320.0,28262.0,18.0,158.0,27.0,258.0,0.0,20180524
BOK CHOY PAK-CHOI,3600.0,20425.0,35.0,212.0,139.0,890.0,14.0,20180524
BRINJALS,70805.0,832750.0,1565.0,20099.0,7510.0,95238.0,1092.0,20180524
BROCCOLI,305079.0,4608718.78,3205.0,31620.0,10477.0,109004.0,960.0,20180524
BROCCOLI LEAVES,1215.0,22013.0,33.0,676.0,264.0,4365.0,110.0,20180524
BUTTER LETTUCE,7060.0,61767.5,86.0,827.0,297.0,3333.0,125.0,20180524
BUTTERNUT,384829.0,6169288.2,18108.0,311933.0,147523.0,2636205.0,24455.0,20180524
CABBAGE,317483.0,5706395.45,12521.0,208492.0,148332.0,2621473.0,10418.0,20180524
CABBAGE RED,62698.0,625300.0,579.0,5465.0,3435.0,28054.0,408.0,20180524
CALABASH,4630.0,64290.0,64.0,1097.0,422.0,6145.0,24.0,20180524
CARROTS,946792.0,16569764.0,24294.0,495368.0,206245.0,3912780.0,25740.0,20180524
CARROTS PROCESSED,750.0,3150.0,5.0,21.0,15.0,63.0,19.0,20180524
CAULI/BROC,32368.0,262542.0,305.0,2081.0,970.0,7323.0,108.0,20180524
CAULIFLOWER,187383.0,2133936.64,2727.0,29618.0,16253.0,162461.0,898.0,20180524
CELERY,3710.0,119616.0,57.0,1209.0,675.0,12327.0,248.0,20180524
CELERY OFFCUTS,15.0,3015.0,1.0,45.0,1.0,45.0,107.0,20180524
CHERRIES,1050.0,1050.0,15.0,15.0,75.0,75.0,0.0,20180524
CHILLIES,111134.65,2225104.71,4084.0,85702.0,13697.0,283138.0,15145.0,20180524
CHINESE  VEGETABLES,12420.0,223866.99,1171.0,20408.0,2433.0,34630.0,4204.0,20180524
CHIVES,482.0,6258.0,24.0,261.0,3.0,35.0,115.0,20180524
CHORIE,660.0,5920.0,12.0,208.0,60.0,1040.0,18.0,20180524
CLEMENTINES,36515.0,958426.0,2611.0,49161.0,5988.0,169153.0,24309.0,20180524
COCKTAIL TOMATOES,8470.0,167642.08,100.0,1901.0,326.0,7114.0,339.0,20180524
COCONUTS,6400.0,159298.0,19.0,494.0,875.0,23075.0,509.0,20180524
CORIANDER/DHANYA,120.0,3795.0,3.0,100.0,0.0,14.0,135.0,20180524
COUNTRY MIX,290.0,620.0,29.0,74.0,15.0,37.0,51.0,20180524
CROUTONS,0.0,1668.4,0.0,86.0,0.0,7.0,283.0,20180524
CRUSHED GINGER/GARLIC,3897.6,25233.6,16.0,109.0,85.0,512.0,22.0,20180524
CUCUMBER,26040.0,88431.33,372.0,1516.0,1860.0,7488.0,48.0,20180524
CURRY LEAVES,3682.0,30165.0,169.0,1365.0,27.0,264.0,66.0,20180524
DATES,3878.0,197773.0,11.0,529.0,45.0,2835.0,463.0,20180524
DHANYA,34414.0,501038.0,478.0,7225.0,1499.0,21751.0,447.0,20180524
DILL,1053.0,6143.0,25.0,154.0,37.0,169.0,28.0,20180524
DRAGON FRUIT,1680.0,33870.0,7.0,842.0,11.0,2218.0,4.0,20180524
DRIED FRUIT,0.0,21810.0,0.0,43.0,0.0,442.0,9.0,20180524
EDIBLE FLOWERS,400.0,2160.0,20.0,105.0,1.0,3.0,0.0,20180524
EMPTY BOXES,2340.03,42698.6,312.0,5693.0,156.0,2847.0,10573.0,20180524
ENDIVE/CHICORY,2620.0,20320.0,30.0,243.0,150.0,1215.0,13.0,20180524
ENGLISH CUCUMBER,298234.0,7593978.5,4490.0,88691.0,34945.0,690538.0,3249.0,20180524
FENNEL/ANISE,6900.0,67206.0,80.0,708.0,836.0,6880.0,85.0,20180524
FIGS,36440.0,161186.0,110.0,1291.0,489.0,3876.0,87.0,20180524
FIREWOOD,0.0,1200.0,0.0,80.0,0.0,240.0,143.0,20180524
GARLIC,206315.0,2993804.9,1313.0,14171.0,6602.0,84802.0,9513.0,20180524
GARLIC PROCESSED,6623.29,117316.52,34.0,631.0,160.0,2987.0,228.0,20180524
GEELORA,2270.0,29667.0,76.0,995.0,228.0,2985.0,61.0,20180524
GEM SQUASHES,78050.0,2362760.0,2745.0,64397.0,25575.0,509320.0,13651.0,20180524
GHERKINS,360.0,15746.0,6.0,220.0,24.0,1019.0,0.0,20180524
GINGER PROCESSED,0.0,984.36,0.0,4.0,0.0,18.0,20.0,20180524
GINGER ROOT,135423.0,2346093.0,681.0,11247.0,4026.0,66753.0,3050.0,20180524
GOOSEBERRIES,11516.0,162749.0,39.0,541.0,154.0,2216.0,101.0,20180524
GRANADILLA,63554.0,537169.62,1047.0,8182.0,2117.0,17296.0,1156.0,20180524
GRAPEFRUIT,32591.0,1211037.0,1225.0,29277.0,6573.0,217234.0,16949.0,20180524
GRAPES,412083.0,9851291.06,7581.0,210336.0,32465.0,787176.0,115302.0,20180524
GREEN MEALIES,7425.0,53718.0,104.0,717.0,2563.0,16063.0,69.0,20180524
GREEN PEPPERS,933929.0,9576074.5,24719.0,317615.0,124744.0,1594095.0,16928.0,20180524
GUAVA,60560.0,992493.6,2312.0,34542.0,5836.0,90008.0,2322.0,20180524
HORSERADISH ROOT,70.0,14759.0,10.0,407.0,60.0,2442.0,3.0,20180524
HUBBARD SQUASHES,167340.0,1912261.0,2631.0,37729.0,69600.0,1176932.0,2960.0,20180524
JUICE,16521.84,305427.44,150.0,3235.0,935.0,17225.0,3818.0,20180524
KALE,14892.0,248875.9,899.0,18734.0,1969.0,19278.0,1902.0,20180524
KARELA,2075.0,31805.0,61.0,1012.0,157.0,2510.0,114.0,20180524
KIWIFRUIT,60620.0,1031703.0,299.0,5377.0,2180.0,36979.0,2610.0,20180524
KOHLRABI,1560.0,14180.0,13.0,118.0,156.0,1416.0,7.0,20180524
KUMQUAT,0.0,33065.0,0.0,1093.0,0.0,3279.0,78.0,20180524
LEEKS,18114.0,291973.0,327.0,4549.0,2209.0,29239.0,397.0,20180524
LEMON GRASS,120.0,2570.0,2.0,172.0,5.0,55.0,102.0,20180524
LEMONS,169335.0,2717255.09,2483.0,42594.0,32859.0,470728.0,109937.0,20180524
LETTUCE,263100.0,5538525.08,7733.0,116982.0,40943.0,586849.0,7544.0,20180524
LETTUCE LIVING,1220.0,16520.0,20.0,312.0,70.0,1092.0,896.0,20180524
LIMES,14100.0,283908.0,357.0,8638.0,1131.0,26321.0,5011.0,20180524
LIQUIDS,0.0,0.0,0.0,0.0,0.0,0.0,84.0,20180524
MAIZE MEAL,0.0,1770.0,0.0,21.0,0.0,525.0,29.0,20180524
MANGO,160.0,166115.0,4.0,2322.0,16.0,9288.0,8.0,20180524
MARJORAM,0.0,140.0,0.0,5.0,0.0,1.0,34.0,20180524
MARROWS,640.0,20615.0,16.0,625.0,130.0,2807.0,75.0,20180524
MELONS,17980.0,608740.0,326.0,5888.0,2282.0,41216.0,566.0,20180524
MICRO HERBS,529.0,6801.0,26.0,310.0,5.0,62.0,27.0,20180524
MILK,2315.0,4062.0,37.0,64.0,222.0,384.0,2336.0,20180524
MINT,640.0,15340.0,18.0,252.0,24.0,712.0,5.0,20180524
MITJI BUDGIE,2440.0,36801.0,58.0,846.0,244.0,4477.0,123.0,20180524
MIXED,0.0,1894.0,0.0,22.0,0.0,40.0,2.0,20180524
MIXED HERBS,0.0,253.0,0.0,10.0,0.0,1.0,20.0,20180524
MORINGA,30.0,2925.0,1.0,48.0,4.0,192.0,0.0,20180524
MUSHROOMS,68107.0,807478.0,351.0,3865.0,1396.0,13211.0,514.0,20180524
MUSK MELONS,254805.0,3645758.0,2159.0,32028.0,17083.0,239642.0,2631.0,20180524
MUSTARD LEAVE,1415.0,15016.0,294.0,3167.0,29.0,723.0,469.0,20180524
NAARTJIES,303092.0,3437163.3,11961.0,120289.0,58564.0,570718.0,26661.0,20180524
NOVA,214245.0,3602938.0,10248.0,118717.0,32973.0,585159.0,50708.0,20180524
NUTS,0.0,760.0,0.0,2.0,0.0,0.0,2.0,20180524
OKRA,55542.0,1007057.09,3016.0,55160.0,6455.0,121715.0,4430.0,20180524
OLIVES,0.0,90960.0,0.0,364.0,0.0,1456.0,76.0,20180524
ONIONS,3523371.0,59180107.6,99590.0,1663996.0,880148.0,15093694.0,207060.0,20180524
ORANGES,1044659.6,17624935.1,44908.0,598682.0,294230.0,4154468.0,162750.0,20180524
OREGANO,324.0,3184.0,12.0,118.0,1.0,12.0,34.0,20180524
PAMPALMOESE,9440.0,319380.0,88.0,4502.0,1318.0,66193.0,6034.0,20180524
PAPINO,171525.0,3441555.0,4143.0,62587.0,21868.0,307717.0,7193.0,20180524
PAPRI,1840.0,14460.0,48.0,369.0,143.0,1055.0,66.0,20180524
PAPRIKA,13640.0,244800.0,194.0,3245.0,536.0,10021.0,21.0,20180524
PARSLEY,39540.0,420837.39,339.0,3536.0,1019.0,10253.0,134.0,20180524
PATTY PANS,68000.0,925097.0,646.0,10720.0,3449.0,54961.0,1068.0,20180524
PEANUTS RAW / UNSHELLED,0.0,0.0,0.0,0.0,0.0,0.0,15.0,20180524
PEARS,344262.0,8638089.38,4132.0,121403.0,43764.0,1233226.0,37240.0,20180524
PEAS,27700.0,546828.0,212.0,3452.0,665.0,10327.0,455.0,20180524
PECAN NUT (SHELL),0.0,63630.0,0.0,348.0,0.0,909.0,144.0,20180524
PERSIMMON/SHARON FRUIT,84324.0,1258390.0,1897.0,21430.0,5178.0,71628.0,3962.0,20180524
PICKLED,0.0,40.0,0.0,2.0,0.0,3.0,63.0,20180524
PINEAPPLES,214650.0,3922706.0,6076.0,99822.0,44084.0,773540.0,8640.0,20180524
PIQUANT PEPPERS (PEPPER DEW),50.0,222.0,5.0,21.0,15.0,63.0,0.0,20180524
PKS BLUE QUEEN,78990.0,1173015.0,2088.0,33226.0,73080.0,1162910.0,4174.0,20180524
PLUMS,159900.0,2157203.5,2779.0,35502.0,14295.0,191888.0,12282.0,20180524
POMEGRANATE,87765.0,820340.48,665.0,7316.0,2696.0,29502.0,2498.0,20180524
POT PLANTS,3700.0,63850.0,26.0,446.0,156.0,2676.0,65.0,20180524
POTATOES,6500621.0,111674200.0,200012.0,3037145.0,1941610.0,29562442.0,210938.0,20180524
POTATOS PROCESSED,70.0,70.0,10.0,10.0,5.0,5.0,10.0,20180524
PUMPKINS,46695.0,781262.0,1343.0,22245.0,45606.0,751095.0,3088.0,20180524
QUINCE,1660.0,31840.0,38.0,722.0,212.0,4563.0,514.0,20180524
RADISH,9458.0,91485.0,347.0,1619.0,1033.0,6323.0,333.0,20180524
RAINBOW PEPPERS,30038.0,978179.0,293.0,10177.0,1011.0,33545.0,592.0,20180524
RASPBERRIES,31556.0,355149.0,233.0,3419.0,334.0,4002.0,123.0,20180524
RED BEANS,4080.0,4080.0,51.0,51.0,255.0,255.0,0.0,20180524
RED LETTUCE,630.0,4440.0,7.0,49.0,35.0,245.0,0.0,20180524
RED PEPPERS,210625.0,3155935.0,3914.0,69571.0,20124.0,349641.0,11557.0,20180524
RHUBARB,4240.0,35320.0,41.0,319.0,205.0,1595.0,6.0,20180524
ROCKET,3071.0,40208.0,85.0,1092.0,35.0,490.0,482.0,20180524
ROOT CELERY,4200.0,21600.0,21.0,108.0,252.0,1296.0,0.0,20180524
ROSEMARY,1241.0,13802.0,53.0,536.0,9.0,96.0,55.0,20180524
SAGE,356.0,2764.0,16.0,106.0,3.0,20.0,105.0,20180524
SATSUMAS,124890.0,2033893.75,11269.0,134844.0,30564.0,420705.0,18537.0,20180524
SNACKS,0.0,3742.8,0.0,100.0,0.0,14.0,291.0,20180524
SOUP GREENS,45256.0,846557.0,614.0,11438.0,3970.0,73237.0,874.0,20180524
SPEARMINT,6547.0,56071.0,142.0,1395.0,352.0,2325.0,178.0,20180524
SPINACH,127943.0,1898395.4,3577.0,59457.0,20777.0,318856.0,4789.0,20180524
SPRING ONIONS,19201.0,248322.0,456.0,5642.0,1411.0,16338.0,417.0,20180524
STARFRUIT(CARAMBOLA),5250.0,47290.0,21.0,221.0,42.0,406.0,0.0,20180524
STIR FRY,36.0,36.0,6.0,6.0,24.0,24.0,24.0,20180524
STRAWBERRIES,283136.0,4379660.0,1095.0,13823.0,3741.0,46964.0,1426.0,20180524
SUGAR CANE,0.0,33995.0,0.0,473.0,0.0,3311.0,48.0,20180524
SWEET BASIL,4273.0,22271.0,141.0,831.0,33.0,166.0,9.0,20180524
SWEET CORN,128536.0,2201592.0,1149.0,18833.0,4408.0,64847.0,163.0,20180524
SWEET MELONS,328215.0,2768079.0,2703.0,20820.0,19633.0,151333.0,6052.0,20180524
SWEET POTATO,247251.0,3898378.25,12522.0,194392.0,72213.0,1317368.0,11119.0,20180524
TABLE CELERY,76250.0,718352.0,260.0,2669.0,2454.0,23528.0,58.0,20180524
TARROGAN,135.0,270.0,5.0,10.0,1.0,2.0,15.0,20180524
THYME,1268.0,6112.0,54.0,323.0,5.0,27.0,73.0,20180524
TOMATOES,3982143.5,79337233.6,144264.0,2497877.0,413124.0,7394612.0,70170.0,20180524
TOMATOES DRIED,350.0,2940.0,7.0,35.0,7.0,35.0,6.0,20180524
TOOVER,560.0,1260.0,8.0,18.0,23.0,48.0,3.0,20180524
TURMERIC,2650.0,41000.0,13.0,111.0,65.0,555.0,41.0,20180524
TURNIP,14924.0,186038.0,302.0,3195.0,2733.0,24247.0,136.0,20180524
VIRTUAL PRODUCT,0.0,0.0,0.0,0.0,0.0,0.0,602308.0,20180524
WATERCRESS,180.0,1471.0,9.0,72.0,2.0,14.0,22.0,20180524
WATERMELONS,131680.0,1259715.0,1325.0,16976.0,16473.0,126526.0,978.0,20180524
WILD ROCKET,75.0,856.0,3.0,36.0,0.0,4.0,442.0,20180524
YELLOW PEPPERS,241440.0,2868073.0,3462.0,41474.0,17765.0,208595.0,2488.0,20180524
