Name,Value Sold (ZAR),Value Sold (ZAR MTD),Volume Sold,Volume sold (MTD),KG Sold,KG Sold (MTD),Volume Avalible,Date
AMADUMBE,1220.0,10975.0,11.0,155.0,148.0,1066.0,72.0,20180509
APPLES,1438478.0,12471269.0,16876.0,147706.0,204919.0,1807478.0,125233.0,20180509
ASPARAGUS,13700.0,175117.0,28.0,316.0,105.0,1336.0,44.0,20180509
ATCHARA,0.0,0.0,0.0,0.0,0.0,0.0,16.0,20180509
AVOCADOS,499541.0,3790932.33,10046.0,77052.0,65001.0,520521.0,28445.0,20180509
BABY BRINJALS,2260.0,16818.0,63.0,448.0,239.0,1774.0,113.0,20180509
BABY BUTTERNUT,3440.0,62894.0,34.0,506.0,153.0,2254.0,121.0,20180509
BABY CABBAGE,10084.0,85652.0,106.0,919.0,419.0,3547.0,36.0,20180509
BABY CARROTS,12882.0,115816.0,63.0,581.0,310.0,2662.0,160.0,20180509
BABY ENGLISH CUCUMBER,1080.0,20924.0,22.0,383.0,128.0,2910.0,32.0,20180509
BABY GEM SQUASH,6854.0,90690.0,70.0,731.0,350.0,4082.0,174.0,20180509
BABY LEAF,3264.0,20688.0,32.0,169.0,32.0,169.0,30.0,20180509
BABY MARROWS,60779.0,841338.7,1517.0,15923.0,7194.0,74858.0,3702.0,20180509
BABY MIX,150.0,8170.0,1.0,101.0,3.0,458.0,26.0,20180509
BABY SWEET CORN,19368.0,210880.0,82.0,956.0,396.0,4435.0,114.0,20180509
BANANAS,1462928.0,12322964.8,11061.0,97519.0,193808.0,1692197.0,43326.0,20180509
BASIL,0.0,1480.0,0.0,35.0,0.0,19.0,63.0,20180509
BAY LEAVES,0.0,129.0,0.0,5.0,0.0,1.0,20.0,20180509
BEAN SPROUTS,380.0,11408.0,7.0,197.0,15.0,458.0,24.0,20180509
BEANS,184318.0,1659371.42,5335.0,35826.0,21610.0,147911.0,7279.0,20180509
BEANS INDIAN,215.0,3743.0,7.0,86.0,23.0,237.0,44.0,20180509
BEETROOT,231314.0,1749207.55,11430.0,80299.0,81266.0,644971.0,18621.0,20180509
BLACKBERRIES,1224.0,1224.0,8.0,8.0,19.0,19.0,2.0,20180509
BOK CHOY PAK-CHOI,900.0,5380.0,12.0,62.0,44.0,256.0,9.0,20180509
BRINJALS,28118.0,335468.0,645.0,8559.0,3043.0,38651.0,1455.0,20180509
BROCCOLI,167738.0,1461177.0,968.0,10176.0,2796.0,28510.0,340.0,20180509
BROCCOLI LEAVES,20.0,56.0,5.0,11.0,5.0,11.0,39.0,20180509
BRUSSELS SPROUTS,2000.0,14000.0,5.0,35.0,20.0,140.0,5.0,20180509
BUTTER LETTUCE,460.0,24803.5,7.0,364.0,35.0,1309.0,63.0,20180509
BUTTERNUT,255257.0,2420090.9,12492.0,109392.0,107856.0,947433.0,44293.0,20180509
CABBAGE,197629.0,2145796.3,6179.0,77505.0,83028.0,990206.0,6192.0,20180509
CABBAGE RED,12778.0,225207.0,104.0,1931.0,601.0,9325.0,429.0,20180509
CALABASH,1095.0,17020.0,17.0,303.0,96.0,1459.0,14.0,20180509
CARROTS,784077.0,6601898.7,22325.0,205632.0,179811.0,1595147.0,24913.0,20180509
CAULI/BROC,2712.0,85516.0,53.0,717.0,162.0,2961.0,134.0,20180509
CAULIFLOWER,50652.0,830701.64,764.0,10896.0,3059.0,43872.0,410.0,20180509
CAULIFLOWER FLORETS,0.0,3030.0,0.0,62.0,0.0,149.0,4.0,20180509
CELERY,7890.0,33339.0,102.0,365.0,864.0,3636.0,21.0,20180509
CHERRIES,0.0,0.0,0.0,0.0,0.0,0.0,15.0,20180509
CHILLIES,82790.0,802105.0,3670.0,35005.0,12705.0,115374.0,8961.0,20180509
CHINESE  VEGETABLES,10315.0,82321.0,606.0,6849.0,1921.0,12484.0,727.0,20180509
CHIVES,220.0,1290.0,9.0,59.0,2.0,8.0,18.0,20180509
CHORIE,0.0,755.0,0.0,30.0,0.0,150.0,16.0,20180509
CLEMENTINES,57193.0,288272.0,2842.0,14102.0,6688.0,48686.0,16605.0,20180509
COCKTAIL TOMATOES,21452.0,95921.0,309.0,1044.0,1206.0,4090.0,268.0,20180509
COCONUTS,9530.0,98280.0,49.0,313.0,1800.0,14450.0,248.0,20180509
CORIANDER/DHANYA,160.0,1070.0,4.0,36.0,12.0,29.0,64.0,20180509
CROUTONS,0.0,1532.6,0.0,79.0,0.0,6.0,290.0,20180509
CRUSHED GINGER/GARLIC,403.2,11252.4,2.0,48.0,7.0,231.0,83.0,20180509
CUCUMBER,2283.0,19534.0,38.0,351.0,190.0,1755.0,313.0,20180509
CURRY LEAVES,1195.0,8644.0,40.0,367.0,23.0,90.0,161.0,20180509
DATES,43260.0,125640.0,110.0,331.0,553.0,1786.0,295.0,20180509
DHANYA,20705.0,192579.0,323.0,2851.0,1006.0,8703.0,410.0,20180509
DRIED FRUIT,3220.0,15355.0,6.0,29.0,61.0,319.0,11.0,20180509
EMPTY BOXES,1177.5,17010.24,157.0,2268.0,79.0,1134.0,12998.0,20180509
ENGLISH CUCUMBER,242710.0,3747376.0,2936.0,34780.0,22168.0,270473.0,5854.0,20180509
FENNEL/ANISE,2140.0,22462.0,26.0,237.0,63.0,1882.0,20.0,20180509
FIGS,2392.0,40958.0,61.0,679.0,150.0,1682.0,30.0,20180509
GARLIC,128515.0,1166992.0,458.0,5007.0,3236.0,31566.0,8282.0,20180509
GARLIC PROCESSED,6217.84,48009.45,32.0,262.0,164.0,1253.0,294.0,20180509
GEELORA,380.0,11735.0,12.0,397.0,36.0,1191.0,80.0,20180509
GEM SQUASHES,299553.0,1345766.0,9120.0,28810.0,66317.0,230671.0,6846.0,20180509
GHERKINS,7557.0,36155.0,198.0,810.0,990.0,4027.0,27.0,20180509
GINGER PROCESSED,120.0,120.0,1.0,1.0,0.0,0.0,23.0,20180509
GINGER ROOT,113780.0,957985.0,466.0,4618.0,3182.0,27870.0,2157.0,20180509
GOOSEBERRIES,4864.0,48814.0,26.0,207.0,83.0,793.0,27.0,20180509
GRANADILLA,5680.0,153303.0,156.0,3190.0,339.0,6877.0,880.0,20180509
GRAPEFRUIT,32112.0,456243.0,1235.0,12334.0,5351.0,75990.0,10083.0,20180509
GRAPES,473708.3,4740386.06,13917.0,108663.0,46828.0,404466.0,129032.0,20180509
GREEN MEALIES,265.0,3560.0,9.0,75.0,113.0,1053.0,43.0,20180509
GREEN PEPPERS,545889.0,3928691.0,20470.0,143486.0,102543.0,718206.0,10580.0,20180509
GUAVA,43901.0,344420.68,1377.0,11383.0,3849.0,28446.0,853.0,20180509
HORSERADISH ROOT,25.0,12707.0,5.0,106.0,30.0,636.0,201.0,20180509
HUBBARD SQUASHES,129870.0,813545.0,2993.0,15346.0,95776.0,490868.0,6158.0,20180509
JUICE,18235.25,119173.97,178.0,1288.0,1026.0,6705.0,3185.0,20180509
KALE,8222.0,104033.0,578.0,7730.0,424.0,6802.0,929.0,20180509
KARELA,2739.0,11285.0,100.0,368.0,316.0,942.0,82.0,20180509
KIWIFRUIT,20675.0,294748.0,122.0,1457.0,798.0,9622.0,3585.0,20180509
KOHLRABI,600.0,4920.0,5.0,41.0,60.0,492.0,0.0,20180509
KUMQUAT,3200.0,15690.0,107.0,557.0,321.0,1671.0,74.0,20180509
LEEKS,10276.0,96719.0,150.0,1473.0,678.0,10016.0,423.0,20180509
LEMON GRASS,70.0,540.0,3.0,36.0,3.0,12.0,36.0,20180509
LEMONS,133335.0,1211196.1,1540.0,18045.0,19802.0,198948.0,95400.0,20180509
LETTUCE,245960.0,2699348.16,4176.0,41270.0,17911.0,206078.0,4303.0,20180509
LETTUCE LIVING,0.0,7315.0,0.0,158.0,0.0,553.0,817.0,20180509
LIMES,20220.0,107004.0,547.0,3830.0,1641.0,11594.0,1973.0,20180509
LIQUIDS,0.0,0.0,0.0,0.0,0.0,0.0,84.0,20180509
MAIZE MEAL,400.0,860.0,5.0,10.0,125.0,250.0,40.0,20180509
MANGO,7260.0,132945.0,118.0,1740.0,472.0,6960.0,254.0,20180509
MARROWS,1520.0,14730.0,47.0,413.0,192.0,1476.0,75.0,20180509
MELONS,11380.0,369890.0,98.0,3333.0,686.0,23331.0,53.0,20180509
MICRO HERBS,25.0,2241.0,1.0,96.0,0.0,19.0,11.0,20180509
MINT,0.0,2400.0,0.0,41.0,0.0,123.0,6.0,20180509
MITJI BUDGIE,2650.0,12970.0,65.0,262.0,286.0,1360.0,131.0,20180509
MIXED,0.0,156.0,0.0,2.0,0.0,4.0,1.0,20180509
MUSHROOMS,28606.0,309409.0,129.0,1471.0,457.0,4865.0,770.0,20180509
MUSK MELONS,39820.0,1536378.0,301.0,12922.0,2194.0,94657.0,325.0,20180509
MUSTARD LEAVE,119.0,3069.0,16.0,302.0,21.0,228.0,14.0,20180509
NAARTJIES,211330.0,1347878.0,5141.0,41791.0,36866.0,206386.0,43062.0,20180509
NECTARINES,3680.0,8795.0,92.0,185.0,690.0,1388.0,0.0,20180509
NOVA,150810.0,1388510.0,2752.0,44552.0,22163.0,198665.0,32062.0,20180509
OKRA,38557.0,401373.29,2229.0,21452.0,5075.0,45937.0,5996.0,20180509
OLIVES,41750.0,41750.0,167.0,167.0,668.0,668.0,53.0,20180509
ONIONS,3614015.0,23577403.9,99639.0,670714.0,909300.0,6023881.0,254629.0,20180509
ORANGE PEPPERS,660.0,6220.0,6.0,68.0,30.0,340.0,177.0,20180509
ORANGES,810574.0,7245470.35,24890.0,225901.0,172453.0,1587650.0,31576.0,20180509
PAMPALMOESE,28120.0,87920.0,428.0,989.0,6415.0,14598.0,6022.0,20180509
PANTRA LEAVES,0.0,300.0,0.0,1.0,0.0,7.0,1.0,20180509
PAPINO,175963.0,1440247.0,2636.0,19947.0,13360.0,95340.0,5618.0,20180509
PAPRI,40.0,4080.0,1.0,93.0,3.0,265.0,39.0,20180509
PAPRIKA,5639.0,92799.0,109.0,1410.0,283.0,4286.0,28.0,20180509
PARSLEY,12621.0,113432.39,127.0,1332.0,320.0,3312.0,227.0,20180509
PARSNIP,0.0,19250.0,0.0,77.0,0.0,539.0,1.0,20180509
PATTY PANS,25571.0,402189.0,494.0,4186.0,2244.0,22114.0,1477.0,20180509
PEACHES,3425.0,18350.0,137.0,744.0,343.0,1860.0,250.0,20180509
PEACHES,0.0,9360.0,0.0,531.0,0.0,4779.0,614.0,20180509
PEANUTS RAW / UNSHELLED,0.0,0.0,0.0,0.0,0.0,0.0,26.0,20180509
PEARS,385440.0,3724590.0,4708.0,52072.0,49521.0,521289.0,21822.0,20180509
PEAS,17624.0,262289.0,202.0,1463.0,472.0,4156.0,253.0,20180509
PERSIMMON/SHARON FRUIT,9575.0,453627.0,199.0,6909.0,1125.0,25949.0,1504.0,20180509
PICKLED,0.0,0.0,0.0,0.0,0.0,0.0,79.0,20180509
PINEAPPLES,129145.0,1559226.0,3025.0,37175.0,23520.0,291956.0,1426.0,20180509
PKS BLUE QUEEN,64470.0,462635.0,1502.0,12313.0,52570.0,430955.0,9939.0,20180509
PLUMS,175265.0,935928.5,2921.0,13791.0,15086.0,81249.0,11246.0,20180509
POMEGRANATE,43650.0,197745.48,409.0,1911.0,1636.0,7644.0,2711.0,20180509
POT PLANTS,4250.0,26580.0,30.0,190.0,180.0,1140.0,38.0,20180509
POTATOES,5782106.03,46495141.1,164249.0,1143995.0,1582978.0,11131630.0,159672.0,20180509
PRICKLY PEAR,0.0,135720.0,0.0,3912.0,0.0,7824.0,5.0,20180509
PRUNES,0.0,1150.0,0.0,115.0,0.0,575.0,204.0,20180509
PUMPKINS,21405.0,298782.0,699.0,8497.0,23766.0,286607.0,2739.0,20180509
QUINCE,5000.0,20670.0,85.0,466.0,340.0,3292.0,508.0,20180509
RADISH,1938.0,36513.0,31.0,548.0,100.0,1659.0,32.0,20180509
RAINBOW PEPPERS,59942.0,388601.0,763.0,3929.0,2262.0,12472.0,892.0,20180509
RASPBERRIES,26544.0,126826.0,178.0,877.0,267.0,1311.0,199.0,20180509
RED PEPPERS,159598.0,1276346.0,5529.0,27819.0,27665.0,139703.0,7125.0,20180509
RHUBARB,600.0,13140.0,6.0,117.0,30.0,585.0,6.0,20180509
ROCKET,1900.0,11464.0,48.0,333.0,19.0,120.0,285.0,20180509
ROSEMARY,80.0,3909.0,3.0,143.0,1.0,29.0,15.0,20180509
SAGE,243.0,648.0,9.0,24.0,2.0,5.0,12.0,20180509
SALAD,600.0,4332.0,5.0,31.0,1.0,6.0,13.0,20180509
SATSUMAS,108930.0,806273.0,17295.0,52939.0,37461.0,158583.0,48101.0,20180509
SHU-SHU,660.0,6790.0,11.0,100.0,44.0,400.0,0.0,20180509
SNACKS,0.0,3630.3,0.0,97.0,0.0,14.0,294.0,20180509
SOUP GREENS,10586.0,217930.0,130.0,3132.0,783.0,20117.0,368.0,20180509
SPEARMINT,1804.0,13635.0,43.0,405.0,42.0,327.0,92.0,20180509
SPINACH,65368.0,741273.4,1861.0,22276.0,10377.0,118271.0,3143.0,20180509
SPRING ONIONS,6916.0,94332.0,294.0,2264.0,432.0,6020.0,267.0,20180509
STARFRUIT(CARAMBOLA),7000.0,25340.0,34.0,125.0,68.0,214.0,0.0,20180509
STRAWBERRIES,201876.0,1367976.0,630.0,4055.0,1902.0,13076.0,47.0,20180509
SUGAR CANE,1050.0,15095.0,15.0,206.0,105.0,1442.0,1.0,20180509
SWEET BASIL,1350.0,7930.0,78.0,302.0,12.0,59.0,18.0,20180509
SWEET CORN,196257.0,926327.0,1642.0,5893.0,4647.0,19877.0,514.0,20180509
SWEET MELONS,74160.0,853520.0,473.0,6033.0,3687.0,43071.0,1074.0,20180509
SWEET POTATO,162186.0,1593137.25,8978.0,88137.0,71474.0,568107.0,11726.0,20180509
SWISS CHARD,0.0,0.0,0.0,0.0,0.0,0.0,2.0,20180509
TABLE CELERY,23570.0,239500.0,95.0,958.0,792.0,8306.0,119.0,20180509
TARROGAN,0.0,0.0,0.0,0.0,0.0,0.0,5.0,20180509
THYME,274.0,3565.0,15.0,142.0,2.0,27.0,141.0,20180509
TOMATOES,4569021.0,31523003.6,166542.0,920339.0,457001.0,2880572.0,45747.0,20180509
TOMATOES DRIED,130.0,1120.0,1.0,14.0,1.0,14.0,31.0,20180509
TURIA,0.0,1490.0,0.0,23.0,0.0,83.0,5.0,20180509
TURMERIC,10550.0,14150.0,21.0,28.0,105.0,140.0,52.0,20180509
TURNIP,13890.0,56555.0,222.0,868.0,1470.0,5110.0,0.0,20180509
VIRTUAL PRODUCT,0.0,0.0,0.0,0.0,0.0,0.0,602308.0,20180509
WATERMELONS,101192.0,706325.0,1562.0,7156.0,13045.0,97967.0,887.0,20180509
WILD ROCKET,0.0,0.0,0.0,0.0,0.0,0.0,67.0,20180509
YELLOW PEPPERS,146290.0,1111305.0,1987.0,16129.0,9935.0,80650.0,1805.0,20180509
